1000
239107 515301
222074 69693
45146 502086
38365 317053
239327 51350
130478 321808
488245 270494
188765 367410
291216 37981
441138 519449
55387 390001
201184 36918
67710 447726
390001 462504
69333 320405
151389 523240
186356 43763
520843 390380
259626 154969
260536 475343
484602 429788
436250 154969
130478 225196
135898 8353
262841 150156
360318 424940
475343 438424
271220 154969
164581 33690
536807 28211
51350 17361
18173 147308
262351 168246
77167 48930
214824 146598
77167 91949
515756 378941
424940 186810
13323 312527
100514 359553
318968 54379
4202 67710
180388 144480
357720 420811
48930 332882
439583 357720
267090 269877
77167 315037
439583 372155
225196 372155
301097 126049
367951 548091
458358 447726
515301 239327
21941 515301
42948 519449
249116 145651
249116 245137
291216 477050
73510 110214
482263 8353
291216 195602
181996 105186
208249 546689
447726 251388
231267 495991
249116 492017
420811 537519
297491 460219
300322 357720
440342 452782
97579 69333
135898 154969
502086 424940
39280 482263
231267 168246
218954 69333
284576 475343
367410 538846
130478 267090
97579 28211
154969 160811
259626 438424
335281 481227
335281 183038
438424 105186
121194 260536
214824 145964
211438 371094
268626 77167
37981 305802
201184 3499
258795 29543
440918 138502
269877 123436
50650 52575
54547 536770
106268 498702
276012 460219
262841 214824
477050 321973
498702 182785
106268 126049
441138 301097
94156 102158
159606 67710
263672 546260
20855 378941
225196 271220
145875 5354
200301 284825
113195 460219
515292 367951
240515 293763
429734 441404
397075 315037
174348 429734
13323 182336
20855 532654
98860 222074
536348 502784
415888 45146
239327 95256
454004 13323
239327 174375
430936 318791
180888 30994
21209 500235
371094 482263
42948 84467
461677 425568
73510 35512
294914 231855
425178 195602
219958 300322
246806 138550
439797 531449
424940 69693
160954 300322
35512 75075
530169 77167
291064 37981
186810 138502
51350 278985
211438 272015
436250 476873
29543 361669
89374 312527
88477 99648
201184 437083
462983 541615
378941 15178
175393 284825
227201 223443
278551 545235
318791 218954
267090 460845
148775 54379
207042 439291
321973 94156
116209 100514
544390 332424
75075 498702
532042 56445
225196 297971
173553 439291
484626 108358
15178 189773
148775 228511
48926 315037
114116 56445
500424 20041
10489 239107
436020 537808
528621 21209
42948 353397
439797 339614
375116 537519
440342 51350
34623 18173
477050 143441
138502 268369
181996 291964
277567 442388
19217 180388
475343 258795
66856 95256
492127 462983
138550 530169
520843 392890
341570 501899
439291 28211
492127 437826
537808 18173
305802 195602
37988 69693
272295 46130
54547 357816
88477 40714
183038 317821
19243 34623
353397 99944
258795 293088
126049 293763
145875 138550
232614 452782
450674 24137
439583 16633
318968 202896
276012 442388
276371 432888
284908 354778
305802 329305
18071 16633
432888 298460
253312 212192
192485 123436
124391 70630
298959 202896
427374 537808
16012 66440
298959 88660
56720 468272
267090 88660
319530 506484
54999 290774
349398 406599
135316 418070
292866 229489
548091 173860
130478 430936
62876 454004
296016 546171
451435 21209
546221 249116
377514 151389
265965 424940
482263 49170
245137 441138
146112 425178
346132 482263
35416 440342
265965 63132
438676 96240
394569 367951
112249 220000
262351 12924
91949 96590
318968 349233
546689 547128
53885 262136
64916 484772
269240 106268
353366 63132
146598 227873
43763 64916
143523 541615
447453 183483
268626 202896
206514 284378
18441 207042
32468 364411
73510 547128
109996 48930
48217 269240
175247 523498
129326 437408
523240 544908
547638 441404
225039 364022
544908 72058
43763 494189
437408 120992
276750 334901
462540 226293
217102 271220
273458 51719
544551 49495
207042 281407
381097 168155
545472 359407
439291 142233
525548 179896
418070 437826
384178 518140
259970 129665
259970 472117
434690 138608
495689 420678
531449 423090
483957 237924
20466 40278
335924 4184
163125 369152
488273 56445
136011 96365
349398 79627
413310 509665
542909 373785
272542 123693
395265 136011
480038 547638
21209 304004
55387 294595
220000 319831
512544 277567
66856 206143
180888 362061
378941 34623
343311 440342
263672 436250
102831 27832
414695 440918
408860 127524
363077 298156
460219 62391
82805 492127
391311 414695
538846 118478
515756 249618
530169 372527
200301 102158
500424 318968
52575 252521
39280 177432
53885 266261
304004 218790
497729 258795
20855 363077
106268 544062
260771 321060
116724 215518
404745 424754
531903 298156
268626 530916
123693 29066
408221 515292
458716 160811
406114 449456
318791 275628
260771 322124
518321 57546
301879 292735
293241 147308
194810 42853
209114 159705
295315 54999
54618 6481
275763 384857
27932 507720
58819 436729
544551 152475
225039 438676
258795 349504
450820 134691
38765 113195
505827 225196
520375 24137
457154 515616
245374 138550
257261 304004
336909 469664
548182 275763
29659 326834
143523 491942
547841 212007
138608 299460
506484 470043
70694 189773
450351 37903
311993 35954
25614 359596
531857 101922
129591 72587
412661 166500
164663 467767
346955 296734
282996 533771
450067 339013
30372 548055
8166 501444
98756 78463
261030 398504
425568 520599
251978 425568
181996 260293
453095 231855
424754 444519
544390 547272
436250 475077
340446 462375
220000 347579
89000 480162
147308 378201
235687 72058
504014 176485
353397 359042
143933 439583
214865 25270
332882 120645
334901 491720
547517 449014
174228 529378
489115 462540
193826 460635
20039 5354
182765 138608
542445 444836
548260 64916
59459 311993
522451 88272
323606 367951
66884 57583
107988 295711
299327 546357
518140 74417
519011 138608
489115 437826
548318 82913
323606 80217
442585 317150
82747 392890
238394 115925
45330 530860
311486 203931
3374 534777
148775 248712
159611 75243
460072 48809
57087 359876
199763 390310
547204 540328
411375 512248
68497 273989
470793 8975
216645 245824
483095 182045
314678 118478
245597 137347
421644 332055
253243 173553
146241 235574
320004 346751
217424 421611
481195 342157
474096 529184
365664 116328
506504 98535
360053 52274
352312 101647
18547 439126
226976 267383
103484 546974
146802 458330
271910 190342
548387 515160
101192 422468
262362 201805
480038 125072
75884 435948
198920 548387
267861 347105
135632 34579
353820 18827
212476 4930
526610 149755
318567 181231
200331 12534
125420 287597
138403 112507
454066 521148
247515 281819
544498 517189
235272 390020
398712 548248
295231 173004
479089 408169
160061 265810
38365 29543
42948 380002
534128 482263
424153 91920
164581 134171
53175 348035
538094 268369
332068 53885
233644 301097
536807 223080
104211 63132
207203 210140
425917 168246
54220 262841
57143 185524
405837 146876
30950 26990
408221 139760
23984 311993
518367 31976
200647 240624
199867 201194
321060 294543
217291 260293
294723 454811
12628 301876
537637 200499
463625 323174
233644 75207
286757 290726
51560 335422
257261 289031
463518 93492
374708 164329
191637 58410
527783 18546
548225 174228
6481 2285
459912 331209
492187 981
121603 310352
162692 400690
145979 175675
317150 363539
469637 114040
347049 173860
531586 118622
529835 487385
381582 492611
42853 205903
72710 463518
436444 535811
196671 491594
30022 405898
436766 503340
547528 402873
332058 181323
233585 391878
545557 116964
484641 334054
273964 434078
139200 72456
426655 30983
514802 451378
496568 532658
128096 264591
79469 344880
82928 547226
510252 89586
387779 495553
247381 33187
95757 482058
278737 192775
103863 409156
158690 110797
136705 14571
78788 280279
364557 278295
81463 546731
355293 544865
128096 419325
436240 194731
526589 426662
145100 483197
234450 74986
180123 444047
104419 2070
80805 286472
255850 228040
268284 196962
40698 243716
483844 148997
111426 169950
522062 188612
545522 177901
140229 192370
271560 78948
514587 296053
439836 174512
277984 225387
484515 546915
12587 548414
297491 42111
437083 34623
183921 536770
251191 154969
373643 425735
262860 145964
333216 269877
278551 188408
286447 111709
545242 286447
402726 21437
466594 36842
216201 61690
142294 460845
239622 298959
80217 176768
253655 54618
7198 349787
339614 401882
131960 367591
479232 494189
480038 317111
327802 265676
406599 458882
123255 456627
135632 325477
189803 547758
129665 266550
22901 140389
62967 12434
318598 548055
119903 191667
217245 97568
122501 470951
41712 518637
128812 546843
282235 296957
349398 436846
11850 439530
425616 324111
14490 9744
338968 399202
240836 369884
368729 308674
185068 456020
412829 148639
540049 272888
525334 171165
184659 48926
470970 238206
107004 472816
544104 429514
277262 93492
129591 447529
547233 175578
337849 351739
548331 109321
471202 139227
541469 545319
533046 155252
425258 360121
386769 130180
489540 160061
531857 155014
83974 545955
399104 475896
112507 247778
101859 384422
91611 124966
21139 207184
358495 244514
255850 49691
307789 188763
22990 124941
181892 244585
4068 78572
341731 149760
263561 534777
315248 547541
427360 259841
317402 205921
381100 545070
488882 173563
90294 343117
70073 271560
192671 219952
132846 118627
62899 259366
42771 537163
162762 4439
172273 230631
212197 489122
102277 495498
59726 425599
253777 39716
162462 469115
110590 191389
193160 258991
349113 229022
168222 406647
273744 425568
52958 360318
371094 517273
519950 299899
536770 123466
97306 370036
53175 488044
218073 278591
545602 338122
126117 294914
434476 454187
372202 212192
177135 281375
323504 46228
136011 494189
193762 180995
180102 126049
16012 479212
449927 296502
42360 504875
39280 227189
459722 88272
129495 275337
406599 191050
148565 396432
253717 143467
218814 276750
174769 134416
344880 127512
57546 404925
497831 534835
68137 262136
418330 207027
317921 81981
3475 250701
290452 293241
485912 523262
254743 282996
328969 435169
69444 216593
545418 547770
97510 514644
112726 524957
508137 98267
442710 382075
3829 215431
217102 387250
4366 329857
543812 460708
547758 182974
251978 172695
531154 107904
436371 194731
108891 371572
72587 77226
527724 12628
498218 443251
469762 512702
88975 122471
325201 497735
517508 29659
55010 162746
418471 137891
222221 166402
379260 22337
163574 220250
397418 542658
12660 212476
531593 475968
69157 151092
39157 524361
341808 496349
469340 409156
193429 191317
94843 13683
310076 308867
240321 455902
197066 26957
43716 199354
33949 235933
332320 421204
283578 86984
8464 440506
398514 186948
30541 433882
199354 289682
168222 42047
430015 367984
453953 265988
21616 139227
96590 119157
293241 29066
65082 19217
345070 175247
72376 162283
514644 391870
334305 378386
449045 547517
256080 1593
540749 179199
275 175323
542909 488273
137583 145804
347250 20855
136705 95635
12631 544989
469664 124345
51923 15178
447453 235741
203394 547134
235764 546406
316009 257377
515035 197713
477318 449200
453095 479411
317949 514809
478727 181333
182765 350636
196962 212458
140229 32468
22567 59389
305558 30017
99661 181466
382708 155200
516884 479212
313920 529541
275337 368016
87389 436568
408209 109996
191370 129951
496179 449927
523893 283961
421126 525290
218627 417318
229352 265676
406171 193762
545242 324536
178980 279304
342812 525474
256082 471560
381300 78572
365427 3004
475077 482058
384885 65712
166500 469800
394272 82420
70877 358495
512097 233540
229458 225473
156357 165437
349514 126920
272590 528231
154264 245873
492418 449445
5981 424575
487433 543854
420454 245597
122108 108645
390445 512266
125282 491594
489622 344623
430561 300363
13705 506826
89068 221039
459912 97148
473074 68811
52839 321007
541329 439621
544498 179220
64059 440515
48809 353755
176698 446308
96228 93330
37436 117306
438214 298804
440506 161780
204629 19379
352132 541929
390932 110989
296537 17581
31781 414394
117306 192482
212838 254743
142764 432689
348680 177480
81236 162094
96546 305558
318968 495991
200647 437408
425735 236991
547517 455266
119903 63787
104775 167031
286447 313622
43422 263672
182785 110797
271220 389062
503201 363077
138550 59288
525013 179886
489122 370036
297530 442585
30399 437835
545827 222510
349113 437835
463625 113998
19615 87674
334054 291914
427613 27475
143826 25627
238738 380064
78995 406084
420678 279304
429514 515616
109845 207245
229489 138403
408624 540943
170905 327269
360913 275129
429734 272649
370308 535330
301706 6760
250287 162397
392978 22622
424375 225039
524805 402685
261201 360053
270809 239622
247390 410488
186511 486392
427613 542300
123992 313793
534128 85540
545011 323423
506500 98337
123444 545827
491594 358495
124345 219200
36933 392286
135193 136328
172950 140809
420006 280979
381688 202045
328969 33922
546113 528231
455099 332068
322425 291864
447864 341032
39125 42240
414987 226041
546421 515649
389356 258254
273212 113290
379979 273835
231613 521121
78989 545955
333852 236713
17854 544182
503659 56817
52941 277410
51865 125418
498595 285950
366569 489539
348575 538729
105924 105673
69157 134697
417760 196996
360913 151212
241505 323418
396814 385779
137891 256547
129541 49280
109206 58443
163209 239940
474441 265810
439392 349591
175586 351918
101327 271560
3813 345007
170510 125282
155970 81236
208320 86833
22492 438784
36984 127011
165186 47664
199114 245347
288551 177691
14568 540515
10775 249144
55387 518321
530169 158629
208249 101905
462096 278985
274400 410716
88477 470118
327709 386906
342985 118081
460219 449045
327269 115925
506888 536752
533008 536147
293241 82652
277410 100514
434500 226610
109029 259366
382315 36172
176448 125996
371983 421126
479089 57583
258816 281681
521984 206094
264679 112865
518801 337971
547167 507720
233007 529541
56445 302490
248895 439738
36933 76593
527799 323071
255346 486783
