1000
20705649 17830303
19407517 17104768
17108088 10009036
10592670 140036
8228066 11827340
914881 17806220
2668651 11457437
17565407 7138053
14342528 16351221
11889078 1479259
376692 877094
22123585 10486708
8788175 13569600
1193814 10584292
12424832 22560001
10072728 17811352
17648828 14139370
19415680 19258207
954642 7076200
4118227 9169913
3368995 5023244
11550549 5952589
869483 13652979
20378763 15175664
14560212 9378928
1148029 14928678
17788672 473398
2232775 3500623
21393407 11087751
13967565 18486198
10885554 865631
13350648 5423525
22283346 17349634
9367749 444925
8975738 13386751
17136146 19660602
2897023 5596484
2649429 3790965
3750594 7780654
3456759 18093576
1565745 12188252
9928804 19254690
12674264 19559408
7421124 11214201
7684322 21031024
6682454 18340082
6757700 4496305
8428445 6231253
6415852 17571187
14314204 15295575
15531589 16038727
11997670 18231423
6105499 21914402
6611098 9758531
14506390 17505858
4787919 533139
6659773 21960348
4510775 3847420
18760755 11816620
22219174 3403810
17524056 13734096
6329175 1090560
18044920 14640262
14962868 9062394
16695059 13743865
8830329 16701163
6637382 5271992
19428814 12626652
12019380 3041772
6906324 3371306
5078514 11600030
11561062 11664347
18254717 15977559
15390771 14043790
4611450 14796819
1913728 21832025
12993013 15864727
7785484 15665150
14979912 7264218
1484832 8606011
20619429 10263306
9837878 11986422
15500158 6291482
1403093 12000539
9250907 15920922
15289931 21593756
11955560 3671103
10363421 7185525
4101100 10215364
20872374 8654904
9534588 7612018
15239687 22088920
193762 7554887
14961566 15147281
14661227 16361026
8254255 12373722
11181560 17902120
8873408 11167091
1054140 10220628
22668460 17840970
2984005 22451490
16589861 14858775
10981305 11541037
6529741 15002967
21375423 12108624
8139625 15674381
19457514 7871855
14968739 4394792
15312911 14411141
4041788 6829781
15310777 12166653
3698053 3324394
14674971 12446623
21741268 217184
7219282 6547741
18037359 17649429
13821044 19148801
16969792 9324606
15293069 309213
1070846 21138897
12414058 16748225
13910643 16498765
1475334 13386079
20582908 1248135
4620707 1660676
8051046 19628155
21204646 19149881
7657513 12973958
8604695 14134410
13177294 175191
20340168 15855865
17808610 18783300
19439966 19274641
5047097 11747503
19555239 13755438
17578007 16601897
7468875 8470909
10039436 16477956
21432092 15416775
17688594 10848815
16952532 10280139
7553083 22610059
6425450 22348236
12845682 14935988
13716452 10534288
22359605 18662407
10889818 17389862
14538732 7372610
13743415 4067194
3566946 17887815
17668176 20846091
11517991 1978788
14003218 6037540
3055945 19994367
21062710 20460496
7948976 22483690
7866789 22623312
7339971 14189003
22220003 4628123
13602149 20527019
15095725 13136972
908297 10458221
15116060 22662228
2283015 13363121
3989166 5757812
8210850 21341133
11402570 4165548
8154977 9894393
17679998 11099998
7028953 437695
16256087 22129155
7879220 921164
22021342 15076593
22367388 6367813
19460421 13144268
4004658 19088961
10849500 4888953
6565371 10447442
4790768 8766569
583297 16279213
21780330 16360711
14791504 17845137
5053350 7451771
4682399 22356991
18303299 19105849
243 19068761
18453504 15530353
19855424 17705127
7474155 4257756
929737 3935861
1885618 12552002
22641098 12674049
1881077 14032918
22659390 14270710
7338226 8232208
7471537 6204933
1405246 6737174
8642605 14053611
14010135 13175728
13654897 16866415
16854937 21031740
12959700 12332678
13663014 17493033
14639033 20751759
21441626 32924
9432920 434496
12579769 16865060
20505723 14435696
15503154 5206987
5535509 22336744
13360617 20286216
5740446 22033193
4089035 14287920
13312727 17949433
11984281 11479211
19313858 5753962
9611851 9327593
2587662 7747633
11387005 17056238
13215192 9936456
17084070 22214320
17924594 14254318
866296 15633178
13132086 16302874
20512552 3197966
15922020 18486839
479607 6137279
17749020 4557831
4905540 7991294
7131670 16720138
19205883 3449979
7080324 13431217
20037258 17117371
20815771 8539238
11222060 11187888
2944765 12884177
18142301 20615784
4006706 18964911
20727272 1585961
19711658 18469456
4752118 12666570
14014086 5203231
3310763 16325981
17278199 8133744
1131235 1226628
9422991 5037693
12257294 16322606
18284817 16992976
10423503 826029
10064303 6141525
11990097 12923518
18819061 14735807
18201002 7464945
10658976 16129888
9010963 7482182
19093838 13660339
4606383 10094630
3388948 7832147
3346167 20399203
15869242 12084779
6444308 2075620
16966505 3222890
2972093 19706411
19959222 20696694
20489327 7167903
11604138 17118551
4553856 15014450
8804695 22404382
22014875 3963786
262213 15847983
18823506 19308637
13952662 8066259
14056169 1811869
15800664 1867924
22054784 16122000
21285894 13332425
2707216 22701910
16408807 13208404
19666445 20889617
18573848 1999459
12772034 7132696
3773639 17185216
21748640 12438338
1401657 5806472
817527 1647437
6139965 4336035
5684456 19796416
12253060 4258555
21499764 4919491
6083145 5625779
5540145 4487488
18756677 8199589
4439051 19617906
5901491 8825377
2396362 1362463
10765405 15086414
8485148 14449496
16752187 14974894
11399834 18107512
20438012 19612804
4415843 3686622
912288 17587198
8218041 13148084
21529340 14496655
2575054 12382287
19789815 8056131
1308555 240320
624538 13376446
4627987 14161717
21812493 6979136
15523476 17280816
6561844 8482567
16244621 126663
7907567 12118722
2898537 5412708
8812930 7273308
16596844 9708929
9394638 9366462
7412180 8057217
589123 9870314
4933306 5164256
2412767 6234159
5405995 10676043
19345381 17540984
1626021 3055193
1344557 1623307
20045178 7858003
17627214 20800706
15629972 2434133
10037391 18318826
15443732 3350500
2496353 16529122
20354634 19277332
2748616 4811264
4342225 10994331
21929327 16746454
16097258 9173415
22565819 6012909
4332932 19189152
401913 13580175
6883731 9456749
15165648 4012601
1733189 9729302
9577898 17230867
19531648 19366719
12581261 11987082
22403309 22278698
5387812 4800893
18807856 8097971
9535236 7754603
18862535 16221425
1360147 19411335
2231381 8900015
2432738 14109769
12690311 10454813
4543763 19297329
19617330 4218148
230003 21241008
21224827 9790537
163144 17957081
13796323 20124195
6918331 20809590
19661489 12182177
2710624 144332
4784486 19600727
15548656 8301493
12888596 1390732
4695600 22340318
10229137 14683184
13681838 22475385
1953540 18043777
19041104 6302617
21956028 3986844
12278871 20381977
21045896 12453827
12718 11967188
9708713 6936281
17461005 14030645
3608039 19934931
21543832 15961703
1338370 14223201
983835 14210962
15604656 13308353
13757793 2671330
12461302 11923460
10010169 21745468
14586176 6045619
5156543 13700647
9909834 17334281
18690685 15730699
14368578 18705798
4538025 8572584
10194858 6606031
22142003 13730142
11249102 20930642
6549486 12561160
19698623 15116537
3621814 19764516
12904807 1825037
22231794 2219448
21082905 9478792
1031579 12767874
22665088 13834801
3323573 17398892
8113669 6632389
10034360 22022447
2258347 21853350
7754886 12382776
5573998 14765111
10590794 16657174
20216756 1559973
6135606 1747416
1168340 17228832
21415696 14040185
3681536 20875000
724138 1824002
15097106 9474700
14570995 15012738
72216 2349722
16897610 15815842
8881657 3898912
22292126 18590274
2853628 14926698
15610036 8395564
14136668 3070987
9583752 11477541
4583584 15628396
13122778 5732413
17338032 19206630
4302543 20724656
17267603 12647992
22384615 16851652
21746623 14143968
16381613 6692730
16374362 10235615
22042849 9787476
14001059 6498054
5309265 1321835
21025378 20576991
9670718 12249658
666429 19006227
8243665 12877375
19110942 5866802
3121334 13490949
2029383 14980909
11322746 3919997
4467153 18442621
5279447 3354239
9585926 21373081
17504570 10473321
16348724 1320379
19940163 14939908
7777815 9993688
16198327 13563216
7706743 2710135
10320550 16012509
6341024 18354946
13367282 10059882
8841983 16342194
318626 18334223
8231186 19149505
21934875 12591968
14695158 12048842
343613 8773579
10532891 17835041
3738646 11465303
19092851 8443838
3211616 11517042
18212658 19199195
1845148 10493679
6583177 12118949
3351539 20221615
15095475 16565835
7416873 8462716
17421726 15355003
3726123 10182203
11497416 10444402
22343158 10630483
22065611 7648050
3914681 17386095
10020913 7552593
5734100 13744300
15842949 8867521
2052980 18523848
5036278 11554421
5994795 19020645
8180678 9268059
16405069 9367
10345950 591577
16080334 12326855
15950621 19521494
22103793 11881662
14649286 21738775
7050653 13891833
14115962 10815303
8237582 949207
2819265 21243451
14677334 3163265
7258742 1178557
21417830 19613834
12675353 4541255
15822563 20504622
21078877 16685957
5314543 16182403
17272486 21056236
5380962 17687424
2453629 4714791
14116297 16925493
11225506 5652561
15433020 2185550
16329895 403089
10778386 3712016
6507864 9937388
6788990 13617796
11125976 5284951
17836041 8323389
17349562 18119842
5884082 15635572
11828419 11151709
16274019 6013536
16878975 21342407
8302282 19187700
3190290 21986542
13145244 21677133
12445485 13054508
939904 5680326
20846669 19205327
16856609 4443255
6144241 462704
2528883 1681524
13415168 20120702
9928386 7695122
15459572 230009
7791157 4107413
18886058 874123
17614746 12803812
7096360 2785434
9001252 17718979
9620474 6674232
16556685 21691565
19483332 2078833
12125715 17542373
21088423 13576014
6587750 11996449
13986857 9031826
13652413 11920605
6245291 8094206
19352444 6176095
8347767 11810676
10183273 4163183
20048819 12365375
1405116 4214740
22360877 10347071
6545564 16746015
1444085 22633005
140404 5653793
1941631 19703534
7760361 114291
10330685 14223812
19558551 1137327
7736328 10226735
13024015 13871297
2805400 16979490
4545260 11037445
13362132 21983576
22375293 10499585
11564795 987979
21962929 11130301
18850255 5648653
12413194 4967178
13131371 12568148
10520038 15061141
9361352 2769279
22427209 19423507
1438638 19247564
5264247 9169308
14112861 18162158
7553039 16782513
19616884 11988290
12368984 10007442
11160169 19457246
5023852 7205772
20355180 11814679
2763927 920886
1897101 15114402
5875736 15018729
4531786 829279
14583860 21143187
3605397 14216468
17789246 12650263
18010400 22674990
21423163 9115255
2742439 13728873
10430255 22126003
10183403 7354944
9383351 20984714
3810815 21668106
12914184 8873211
10574739 15636613
9770523 12441750
7617883 15566002
4318835 19507512
16323620 18678464
17872601 4453258
17427455 20059774
16943812 12449128
19985174 89554
6046750 7526407
13792351 901314
6862843 8529283
8219689 599987
6632889 19370219
22176010 4029760
5213941 17568458
19393858 22208846
6973576 11661207
14978305 18702608
15826892 15841062
21815142 10596743
19954923 958146
15447141 21427604
20784275 19921701
21497331 3954760
4495735 19848805
4821353 11248533
5415359 20337226
19323006 19430135
1468789 3479626
400009 6702563
20752939 4517792
6095095 12428685
16080842 5554602
8124332 8760114
21030136 14711205
3876579 2914485
138488 3797956
1426993 20912729
707881 7774022
1925613 5162265
4715542 14347872
846986 17636925
19247783 20061501
21493484 20578920
548706 21876700
12014844 21276821
11196117 2578073
18375948 11767621
8078579 11108956
4976164 13839392
2614795 8767193
16623165 2750209
19826983 17981900
723110 20506065
2691114 10294918
2771626 14980762
9167459 11272490
9537174 5374166
8472921 8186285
3092881 16563282
14835795 22281256
22291583 2849499
2067662 17900204
21874527 10058210
5929371 4011142
8458273 16113485
20039577 1903272
3386358 17113921
19717140 4081117
14824962 7171673
21671449 2063846
21740054 7952810
13232234 16047048
13214869 6187537
8705379 739049
22349912 8004730
225197 6825389
18308639 9947349
1575311 17363343
19718066 15114747
21076281 12843947
8103501 18382508
14716941 11402117
12559821 19009370
22616880 11859762
3125352 6393149
13846881 9648147
14244082 11640933
10136506 11984304
17651695 18637741
12702716 1818951
3599784 20340078
8598923 21641180
7420679 17693489
16184171 11821598
17315520 14415104
1447220 2308933
17320359 16119550
20973444 6818401
19563601 5684603
18441894 22406958
11988268 16840074
16831487 3093639
12999829 3933469
14981793 7620222
22210608 12153778
16926385 10636914
9611697 10062995
9440966 1404745
12309503 10094693
13151493 6602328
9023879 14621598
16400251 3254020
15209574 14562389
9937857 11829091
19897488 12980462
18967554 8991420
14422604 12850459
11960068 4285052
1183267 11458506
19274069 8354403
365089 13300966
18758819 17524282
7870819 12780191
18847157 19869337
7430032 16591381
11184347 16273417
8123802 4464029
19302165 7831132
18799117 13891005
4124972 411502
11438600 7730988
16930482 2642390
5060959 13474863
6887794 6240374
1689136 3148784
14472292 9752772
847498 17740243
4187944 16295703
7492031 7673074
20689985 14766370
1071279 8983558
15570037 16736001
13349486 11874427
9151366 16688014
10266113 13138731
1662241 21315650
20551290 18560917
1024164 2712964
8998898 15532089
16468802 18177482
18446366 7831636
4880339 3995776
2485996 16568635
19979711 17423655
1041582 17929409
16680020 2163513
3865062 9181485
3505134 1600853
5531596 12522819
2909818 15722759
2525574 12182587
21504503 7854464
7725741 22439082
18032422 1107343
15171268 11523560
19235681 18142679
3840940 1028897
21843039 13842921
2202057 19090765
8227703 3261197
21436101 9464639
12968528 10038038
3111636 899393
11654258 8573523
13406830 21819464
8778120 356019
11174613 7442897
8222457 3382562
7101861 10819461
12102793 6775470
21916630 8395225
9495422 10512884
16926641 8501265
1158710 19015437
12152814 16909882
6918563 18288958
3302518 4380277
5260913 6299620
5222545 16754888
22053189 18448308
288021 8010696
3518850 18957506
22565770 19133827
6982729 14541763
6956465 18854499
20915174 13644561
4176411 7543915
945912 5679340
390832 2138153
9335011 19948852
18932395 16112644
15447825 6869607
4971959 20393473
13024044 10127621
21680997 19723226
13171334 6854873
12427737 16565988
2737639 12220776
12721745 9634209
3634627 4133947
13057736 9323717
17631453 1701074
16657332 18499008
7383306 1614716
20442687 16529308
6368947 16551063
17081430 21420989
199272 6669395
3799076 20630861
1212002 10205120
2256355 14412842
16877460 14635043
15525070 19459806
3744945 12721343
13734631 7318822
16702164 11322370
16437104 11330196
12961457 17639425
6814981 19987744
3907163 11970318
21041736 10140792
13032679 22592386
16316195 20642674
14103735 19803967
18526763 15333403
7137264 5387170
14209297 8584718
19720394 6597101
12665135 8192866
3809785 3261156
22600064 20229860
14490641 831391
16246706 11950252
18403344 7587164
16623719 6922455
19280561 14854429
1481213 9372675
21985532 17734723
7128545 13277074
22012072 10221514
13062786 13924907
53977 4155395
22068953 19760726
18170891 11936271
12645549 21683592
22377703 12476539
3883990 21429182
13313176 19806253
10506390 16278385
12082227 4050125
7712451 16042741
3397732 9178570
2204941 10170882
3854043 16803822
240552 3033761
11631973 13333956
1399139 19170122
1936505 653452
642890 19921647
19975206 13261756
18847113 19621361
2599440 22368859
2979600 326491
4209203 13403712
16586318 16192758
1901894 1110113
9114571 5213253
17825875 18753126
15358670 21359521
19985820 75299
9170994 16297840
20783277 10506554
12476895 22540499
18688194 13087240
19716810 15900522
10907436 254174
19949303 13425719
7597762 22676105
21116258 11710020
20715237 22162769
12383244 22444954
8237416 5976681
12560940 2979670
9362038 12377366
1394957 6429895
19864967 18067771
7304192 17910693
13137079 4233413
2354652 16416229
1802261 6817710
16753409 12652533
7070290 13861526
10551924 14538699
21165184 8830785
10701278 19133234
8218771 22621591
3524163 16282112
5837621 473158
19082749 15089843
12856167 5133423
6007857 9810532
7807577 20563682
12275308 20626292
1861182 14594615
21547627 3685438
5860520 15542862
16208592 12805541
13879153 11307773
11832942 12162974
19793524 22086909
15954339 5062058
6917325 3951135
5885109 12637162
4405178 1892522
12194390 17074756
14652154 2708747
11510461 22025719
304946 551690
4689133 9839784
22389251 3388407
20805741 5455765
18703911 14145108
2762165 9573748
9939645 21865726
6239139 6860012
21186847 21793390
19291570 5163028
2842412 2169551
2309337 14824703
11701552 21813148
8844121 3187626
1599828 4804323
10022110 9627627
5316862 14639215
19229672 12601068
2491367 17225701
2541118 20951618
15968561 12889399
15292101 2731558
11902008 6001993
17038015 10187484
12570581 13436374
22556078 22589215
15548257 2091131
14644850 4065536
8734796 7968213
14807681 10274019
12667902 1614602
4396825 2501159
16201550 8296079
15029836 18518967
2401542 2054648
1220056 2833358
14912757 990295
13121181 11297072
7010061 7165805
5991468 4037537
20238413 5780167
3892486 20262472
15475503 18307215
1350778 8691869
3231200 16122841
18749144 15824200
17654463 7750837
18137454 18330244
15942728 17680208
21295678 2807137
4336847 22400002
5576303 3721398
8381651 3223479
14933795 22483178
10246958 20554434
3761412 15212031
11116502 7552972
12577508 11057748
2768059 13888982
19464866 13569784
14541449 22595198
6228134 16668557
7608745 8967042
12028255 7996349
11200678 10440394
10719823 15449548
17651952 16184874
18927156 10527719
19195712 18341742
10240173 14055509
612599 13893774
6157128 19208031
21072814 18528757
