1000
100584 86238
527622 601656
486824 487468
604898 258350
258612 186699
60885 375243
225982 227283
237189 236915
233070 234421
257789 106563
104941 375347
663965 664088
508740 509109
258866 49315
652920 442589
106416 109765
508809 509086
663292 663114
508222 508085
255376 623255
516455 516279
434223 106615
675428 522759
258117 672124
258040 624719
450678 630151
359428 255513
64770 672085
258756 375256
430273 375099
237214 237071
106370 257572
438324 259073
235475 234470
419870 106340
634200 631071
434886 601671
507813 507429
507462 507334
663442 663588
200292 257959
257678 258642
391965 255667
127611 258384
675518 444151
257208 49335
172463 49268
257758 434607
680628 441033
516921 517119
516408 518040
516864 518385
520815 520218
125811 379196
237329 237281
258547 524035
258583 60837
442665 258726
258658 389668
258519 125899
486610 488123
392629 451086
106382 106375
259090 391651
434881 375820
258745 525697
257504 258571
432911 434779
525610 201835
241522 241449
186687 371599
646055 255512
522655 601856
675269 671973
258180 443988
389828 199987
257714 200002
518115 516871
623903 442551
80204 95479
83413 94674
391725 438377
257449 375169
627153 390329
85082 67794
258678 394424
437204 646007
391606 390669
80883 81642
66434 83295
623070 390573
394023 392592
78335 79184
391011 674746
392544 622991
393843 394256
431805 391319
525617 418515
520888 520443
258668 168929
615043 645973
393127 174465
520801 521637
530858 390912
66240 95676
259021 531971
626739 394727
101013 79229
66584 80744
95602 77811
258769 443795
602488 601020
393942 257876
257858 392627
488025 488104
507903 507165
527255 392707
622362 391806
525829 601063
392146 106372
375201 388547
258623 394570
623038 674834
680320 390503
389911 257538
393227 601692
525602 393228
554502 200169
83141 77386
623360 601053
84478 81164
675264 639027
391571 626374
394274 359338
626424 615629
418584 109197
64392 390019
434777 672116
516644 517065
258827 469513
391703 389658
83930 99820
674887 386091
80307 100917
393128 258085
420481 421006
620244 434525
391000 174600
394611 525690
646057 606523
619920 106281
390748 394233
86224 82584
386440 392907
391450 391160
392740 389788
82655 77495
532045 106469
78692 68394
127270 394534
474675 360061
379492 375629
68280 68465
654083 648773
625955 645529
621759 553500
200387 672141
638526 620346
622579 623914
638051 390829
375151 461810
441710 364479
434740 525297
100334 84146
82223 66430
531893 371952
100346 82282
615122 63923
424765 624730
361159 420522
532044 494671
428742 434605
101055 93846
94702 92313
83002 79932
646025 614224
66073 84185
80723 80341
394171 390872
259061 620707
79994 69908
525716 623661
392687 401901
600934 680412
73245 84958
84802 85213
626834 606569
91993 79700
78304 97397
88329 77657
85791 93526
622934 523261
91779 67655
418877 622684
84505 65506
66524 75795
84430 90686
76678 80568
626721 621039
623486 627007
68870 70703
80454 96073
67081 88570
82487 91133
68013 99418
71267 66990
75586 70464
76717 73510
96880 90881
88634 98649
67676 76602
71104 71654
72181 98626
90441 72432
97082 70074
70639 88478
72368 74191
361080 255655
168927 390000
95430 74565
566585 570986
258714 639032
103944 62237
359352 626419
258258 613867
99961 89496
95359 74039
601740 678753
95442 98391
393882 536466
210785 434253
85053 86163
106483 619951
81723 82293
600811 156993
601013 394538
645766 392822
531925 683717
615487 443106
122750 527168
621125 393962
622450 394125
621729 393118
80668 71613
622137 651266
66010 81975
493412 386602
201947 172609
174514 419801
615007 419017
639729 472181
524644 103949
656151 420923
76743 80591
364720 626466
420378 455117
65376 96583
81048 71897
67873 88378
72663 92149
70528 66113
77164 91954
622866 651488
652095 440727
64167 652874
88521 72254
66248 92047
680482 476954
319474 338572
626546 526957
7799 450724
537561 393047
254429 394638
61249 434181
129330 22861
517748 36599
602218 521540
390623 520455
518878 317283
49415 517652
519372 13632
473494 520750
626681 254617
252683 394648
517829 24382
680384 516589
127200 519174
94343 95687
87818 100750
429781 684176
36047 6232
250967 4858
645939 599791
526163 258312
23500 31833
394617 444604
43697 156214
626708 14055
75937 66543
31645 27213
493461 529094
653477 390686
457126 36011
5545 20335
335668 345208
200441 2865
48820 313352
615356 259167
3438 27470
44142 6198
255192 442135
31641 9614
200305 186249
33306 392792
652247 9295
41732 251670
80398 96526
680666 389757
201773 391301
440394 390153
1295 600544
554450 530737
522423 11550
361031 20955
518972 42385
648700 3179
20232 656186
371720 200632
41094 471871
25556 8997
160047 620112
1819 522757
21178 554175
5444 39099
26330 21161
392881 360490
252553 623742
39011 393718
31065 526624
418696 26222
394201 44652
359623 379302
681914 22618
12480 7621
622639 646537
614742 645021
200456 22718
448633 626653
93012 73156
87261 98763
92828 75243
109741 438823
644778 25604
656183 3654
252167 420429
210851 49895
648455 29068
164961 28558
22500 626992
619885 649728
360987 372630
638324 1285
654467 23633
20213 127915
26330 64794
678006 639489
671493 251742
204990 107691
418142 516089
640326 14154
645179 372355
338183 331595
522086 531171
21415 186039
164639 10146
40481 522594
525898 253438
13419 671783
30959 671617
680602 43092
34819 404242
347798 348864
43680 38184
37717 21377
42050 15392
200762 23984
200010 523228
684356 20369
200286 39091
518576 606622
520781 252774
672036 513667
518398 513476
358346 520471
17397 520143
536096 518067
520424 626042
250915 600413
17102 519274
24879 516304
393241 258031
404107 258275
663616 664115
66381 66050
42069 257582
186136 469837
258651 4930
679955 9981
5199 420228
434622 376787
623331 32
9009 19894
106311 639188
393949 471697
646089 20339
394566 392875
251957 13960
359656 673176
513708 201808
85083 97014
258188 18158
1270 201978
174980 258525
377026 1948
15749 377545
536732 34394
25936 601321
525135 200418
30254 26867
2928 13468
17583 601240
391919 29186
86006 77377
14350 620771
394295 630778
622675 40753
24364 31452
10560 43693
42516 625637
36339 2549
392093 10065
530368 38502
81799 90178
359188 13689
476171 377850
30800 390318
31662 513983
523308 40196
474668 155847
446894 30857
391789 360274
4471 392482
23027 35312
170621 6815
126003 364123
4983 371527
21764 516189
42515 15386
390303 361156
38961 389922
16070 197458
610411 43376
393532 43570
27097 622824
655384 625273
15813 11143
3595 443237
42946 39269
36633 640379
601382 647858
255176 26602
24510 472208
671637 656183
676350 31852
645284 8163
526414 676074
26491 654584
649738 256774
200955 621969
186171 126927
26514 35610
25725 1745
438277 32865
210437 251613
67960 86806
670248 375614
30115 36912
35187 640837
8405 32747
14978 11210
630731 648475
622015 18318
361061 460917
210586 38623
529985 16091
1527 11182
628344 252387
201483 39240
27543 646265
526832 428442
405213 358624
168664 253391
20378 108042
32876 442621
522569 675191
476294 10619
358801 651655
360695 36234
126203 652265
41700 10482
20881 22230
378044 40869
38374 129256
44153 3701
22883 637981
390435 375977
450736 680636
517691 371535
516626 42976
682629 520185
256552 675491
21094 517708
434868 17719
44824 519372
25973 520849
530889 380148
517342 28464
638922 518104
517375 41792
520245 449231
394744 3020
522587 520773
205013 394763
16177 645458
469524 625088
319378 350534
392646 62247
394691 34229
394206 42119
25301 20447
100821 73556
36127 431013
544603 41549
516019 531919
615595 391112
109201 3290
614801 5687
419063 420200
29476 202028
42498 361265
420530 391600
172421 15413
600464 476955
174621 458028
522265 23113
379333 610303
22921 9360
438380 672938
40179 21055
522761 623647
393024 22306
85276 77558
439439 470578
89039 85815
82757 73678
37821 460855
441479 43126
81561 72611
680356 389821
379819 394627
257701 8380
626689 645420
532055 671813
15714 118894
21217 4449
644006 186199
375950 359610
26670 419390
211010 1785
7980 35399
6095 391517
39479 29365
614688 522275
375704 30800
18468 435781
1609 646057
418448 39396
379156 156717
613633 210863
450502 15099
640846 28647
379610 20187
91565 89676
66030 76088
75062 73631
97314 96736
40731 431559
615443 11161
1168 418638
17688 544586
421001 471909
73334 86716
376842 370908
626558 670941
523013 439059
529866 39227
403409 19230
16379 522183
513611 12231
376276 165618
360839 36965
621246 30036
621465 32234
626321 6740
624253 18237
24953 30351
589924 33212
639241 107260
20490 155362
359970 493029
185998 175620
127410 526474
166549 39774
648959 360316
358597 671096
441351 35618
474943 437069
650897 4175
377085 378450
420045 14850
40008 418314
356225 31407
14647 155748
4569 527278
23333 24083
20755 360050
639296 106851
26971 523678
32894 32927
4585 41610
682936 12130
33224 2158
26799 17101
604796 15627
251769 359090
375305 517349
530342 519359
625528 518424
517089 600760
431835 420327
34122 518336
516965 673470
64745 255453
124539 254218
624227 461354
2410 517172
517559 27512
520854 15488
37994 521611
520201 493959
372370 517542
518873 19347
33521 254046
65351 100095
418806 392007
363388 53413
375914 434965
257908 40517
536051 434220
527099 108258
184124 434747
675039 15080
532040 38398
29837 14679
252273 434963
36440 44853
391151 15708
11498 636912
84810 82026
638575 125844
474673 460835
473508 22157
394247 361053
81553 78025
536629 685086
472141 13638
522161 32112
29456 598969
544631 615051
402608 60263
391329 26404
16052 393933
11043 13145
392039 251600
87694 81873
674812 186363
379173 392763
600885 684465
12833 200358
354467 679995
420217 31148
444893 525689
18543 623630
622898 21625
5710 13657
420683 645471
44061 360343
400831 392253
3183 26827
386421 25603
316245 640662
645981 419941
24498 675301
441875 14483
390055 418061
393675 33247
1887 13332
31697 28150
389847 23132
21521 3153
390875 648591
67116 68918
645391 457678
614060 529772
7422 156504
26050 23135
365939 202021
380028 606615
443722 527314
419055 625825
67582 67244
24381 129678
34382 64145
90350 90312
91629 75040
74467 91452
75992 72124
69727 93852
644510 599164
31944 472223
652854 13653
537172 14320
22367 683819
33074 620284
11210 5162
16266 458844
24084 622658
620067 10864
417974 200589
429608 185982
445529 1508
13622 376849
166344 589359
526003 679510
419107 166348
129540 680420
680422 18249
684939 175899
420280 10266
35324 624568
30506 527543
457845 526818
210896 25508
653814 39248
645287 420282
356303 25578
601882 16534
457820 526125
671629 536136
419893 15035
157078 43858
328238 333331
21012 610376
26935 126210
679957 41026
32679 39005
5337 378450
256086 62552
39654 210376
622598 360480
418326 516562
518292 621020
96034 78335
522325 623804
614597 516807
405034 23659
519955 406254
516732 36232
518355 18095
614494 469537
85232 94811
520430 460521
397950 520592
520871 681888
95580 75148
10358 493069
106373 29932
626738 647756
33536 2485
10263 15311
25871 377359
644508 26888
126076 554505
44163 12585
30853 18446
458831 392590
24643 36305
636903 17834
33610 393681
620652 525675
258192 14782
19175 210491
673161 253233
21744 530450
91514 77969
471814 165841
125712 677663
437861 627023
536616 18556
37225 471848
83365 91105
7297 258648
166069 439248
614963 443534
439256 394570
4644 2061
6019 31936
173032 258841
391964 404476
10119 258494
513779 371901
11620 257968
9825 621272
34057 50028
78736 90010
620546 30617
251344 17325
18583 606544
34529 420662
606612 13561
21755 623938
343966 347163
24979 252334
92069 94894
624145 17541
49394 530048
622625 543360
522512 391228
19806 473600
599846 390253
623874 25038
419071 393872
174649 457879
3041 22598
623545 169903
626291 525857
514112 40504
30854 17979
164560 626397
419404 35662
36438 675916
23575 448645
12157 656163
37512 16706
86312 78390
22503 390645
523953 379405
472053 8616
40496 9208
186234 621358
16896 62222
525065 155435
606550 253852
653435 600666
159373 379301
614582 2388
92432 71376
33057 167263
92188 75063
127311 622565
614124 35394
98770 96866
623509 387054
186217 252287
443931 461668
615144 6686
621451 117809
377220 35511
360064 377170
68510 72025
613649 457822
41484 621788
9358 7180
360732 25200
531945 474884
20525 621162
39124 155767
624531 126261
681903 648097
675270 675297
33270 64701
12778 526073
155605 442087
64206 529574
438419 671509
185988 358708
8 15929
399855 438916
522390 654499
445077 38735
346630 340118
16984 156484
625048 19327
684585 37125
10346 31408
622952 672202
434581 42596
77670 100646
253772 519897
16880 519809
623054 521116
377195 31681
474659 637450
517155 630052
519077 14926
434927 620687
64666 24508
602157 418560
520648 523324
18299 254559
683268 521969
43668 520272
14151 517091
526047 40218
252753 418736
671995 438355
129498 6280
257808 377740
26160 25960
438464 39333
389132 129170
99465 66237
259436 392943
375152 420508
5446 645456
67943 85157
460981 32705
85366 84964
66980 100469
37051 40028
50779 42326
18425 434784
10563 33147
646253 257638
35795 419506
23011 17590
460616 623933
532267 186292
257613 523300
19798 7642
20834 18093
39375 620759
393591 34475
600876 446707
24704 15039
74342 84853
40177 624686
73189 81821
600632 644276
614034 6261
398013 4539
649454 654079
210435 444597
36503 457784
626205 44685
620539 20397
20296 671670
44415 622694
155703 629755
68080 89292
522046 37019
7196 126318
35167 6206
13624 683009
7731 25146
20353 394573
77468 99591
615473 500682
29278 432771
31829 6159
