1000
190784 1987274
382206 1425433
1912004 191600
862891 1614779
501364 242578
167077 302333
149717 29017
158319 230269
20386 124889
578394 341776
1538773 1315236
1566910 374042
1890610 700580
2094368 231926
679050 1939185
288749 320834
1673950 258299
1083142 222291
714902 227531
1003764 63424
103542 1870142
4936 307198
456681 1546396
151928 514648
490952 1511226
416194 198151
11771 169045
1233935 1945940
300940 130471
157769 472814
70331 679398
1799738 2102830
412978 53822
1588169 28870
1966888 410363
1190248 825097
1846312 1218236
2276559 297611
5111 1498826
362462 506233
35621 356423
1558055 48197
962909 10499
563088 10967
144390 1511733
504704 244882
1841836 1957806
1608952 264737
589119 766699
1956568 444625
737597 96854
61908 465419
317572 871770
327242 327709
1981267 278655
1886485 544712
1514488 152367
93311 2086771
166861 1163232
512753 400712
2192040 618798
229713 1730334
460687 77158
1400363 645999
196086 137880
683656 351758
280036 154080
386511 1367820
332421 1620933
1040010 252084
1301161 623562
329554 449437
247283 562382
377069 609216
147958 2031688
575496 131329
25036 321028
723866 39673
28082 1804407
866516 239284
49257 150058
191481 2141867
387656 1238315
1239766 305615
537472 1897378
1228813 1556983
2770 56523
182655 252472
108246 156241
1834940 312693
1259690 2123664
72063 1429960
277593 177421
1599872 329517
80456 392559
175682 137294
133591 507961
1279081 115159
142967 349185
582791 199117
235907 1562821
31924 240707
352233 1664922
120832 656478
43718 740043
477261 239187
629336 94059
35962 411548
329653 344742
320121 521791
319670 854240
185732 674527
1172940 2137748
219946 377114
1933208 313811
1246289 1523226
1245720 218225
809494 963638
1156721 1593513
157580 213605
341141 185807
735940 501200
341840 134704
2104043 263754
741182 271435
1684722 2219261
513891 950422
68803 130412
789284 2036176
812167 44565
245959 1726479
1637590 620618
1221539 2268957
145871 305974
1589740 2178593
136519 1394683
165948 1593353
173095 118151
2279215 1409265
512195 90920
52259 1897431
81212 87367
598137 1541433
254345 109736
1296806 470208
1552491 653709
1863037 776527
86508 688254
760024 1847514
486658 2048166
1725138 1233002
1174474 61515
23514 431050
1606256 661705
139996 251359
1303871 1622611
159148 316116
493962 1554358
99881 302596
464547 347879
1706057 188821
529811 214208
356714 131750
356460 622828
50177 1921486
499391 2031648
97063 1341738
663150 1345724
1362754 325958
228889 449357
182123 614950
1656098 456804
2025696 274549
1591960 865640
1296336 208732
24321 71207
53962 616993
336287 23875
1491683 1604063
733646 305697
189916 927127
237591 2080067
1922906 376925
1159673 911195
1610739 532179
75886 776198
50702 491887
58640 11072
1661476 379492
961353 612424
181853 162559
1070501 266669
258052 754574
310171 822242
2104309 520981
2263396 153068
105398 1669277
1289161 777838
201481 326121
182000 867216
410420 1923627
174404 552055
354298 1808193
56970 184136
232711 206426
284597 619507
510490 623074
390437 1649337
1274075 285651
429469 1051484
1777594 2286394
1843708 648764
1663849 718405
123240 78002
538926 2179959
220020 2173077
1856347 568868
28893 1649834
2097493 87605
887694 189620
358332 2240547
295187 433645
59205 1593758
1668506 1593202
101071 1682948
430918 634221
1676247 1856321
88744 1218895
14384 245777
285628 589773
222141 945713
40010 1337833
1345332 957599
633526 1177783
1571211 138189
464500 1408906
1372810 1668639
141473 1620509
126978 714296
109072 272349
398601 848973
1911355 218367
36712 686470
543142 52012
1899109 1834789
112517 1405838
44024 164825
431502 265690
1841249 646325
617186 143294
1540590 27155
2068983 28464
379994 1223751
1778854 801339
214363 22002
492542 1366442
140795 349645
630590 191066
2249268 57761
274562 387175
512222 516418
117228 78598
213456 121238
420128 1286465
1487015 9967
422988 39825
736361 2067937
70029 18748
918208 528256
128378 442965
61173 1205942
1428849 1651360
896331 1674968
66973 113871
2022618 2232219
96396 2239416
26790 1737625
71825 1780217
27715 70447
78828 264568
1061024 675412
2026788 193662
548312 29791
1642274 1293298
69280 16203
1336159 1425117
185145 436775
685517 387660
242477 1197344
760586 1589273
150834 1497152
1572641 187378
803186 388251
1094730 139247
55227 1586637
570035 1490412
305839 452635
615856 394842
41850 333636
99856 1299221
2124901 1811454
418990 1511528
1849913 25163
133960 1422259
196221 274773
567701 465775
902611 1734891
211760 1592715
1650129 484635
1345 1970502
214235 52248
153126 137027
64001 1554727
122544 1269040
1300425 264054
364377 1144746
1492313 1806772
2183495 120206
419974 116088
1955529 1341110
37381 2299670
1489264 1239837
1733193 667152
487376 174016
47179 25445
113216 1896851
79493 326655
920345 1517357
1275998 1621006
438069 366747
1247685 378007
63153 2260765
1666749 796082
115631 229405
1585838 882246
644488 327557
881051 1725754
57176 24403
2193579 694914
209429 717968
111655 2260675
485083 217077
1964220 91178
716533 864838
502053 39537
34182 142063
476607 1217531
137365 1819050
235823 308481
121966 908673
6077 217912
19277 125885
99943 1027839
157997 1118169
1582363 30931
195538 2105294
27126 231346
177170 2143263
2219914 1653646
91760 476362
401138 1385960
1236351 452252
377356 1886978
287253 205586
1607233 49690
425973 297623
302962 20537
596510 39658
1221267 242872
1389841 462133
298898 2586
393812 2072557
235444 161419
420544 221307
774971 730109
255114 35538
262758 15560
47454 229501
432162 378973
80029 1613160
30421 686235
123820 361880
797518 201257
457126 237328
85707 1503133
264071 23621
228625 1548541
2225571 775908
2300 400339
404572 102084
684425 1546819
146392 421063
270300 1622994
1513275 1598515
1591246 1845376
827727 1664988
5416 279127
190783 110134
108304 209763
452891 222101
677529 1605777
262595 1842525
83252 1724800
481813 1113681
232007 461488
1625732 1859473
185184 676757
277228 727297
349180 950514
2048097 140375
47099 70122
31605 823069
2282846 1692945
1584536 106582
1153077 194945
2287246 186664
811705 1793593
92435 1469568
1378817 118587
2123818 676170
1018175 1585940
6503 420050
305616 1885371
720875 1558032
56346 570090
539070 106305
940854 657830
1570992 928539
2145965 74683
277458 934477
317717 1851869
1902647 581231
1508696 28918
1634059 21198
155971 1589688
788289 369259
692608 109599
1834766 488264
40559 449585
204050 99338
8786 1594989
1696642 138293
1939903 120493
323864 1847860
220830 201863
553380 151627
106519 2175441
228424 1951323
13398 87738
483857 1573184
441994 964759
143651 729053
1610337 851099
61876 366887
67990 307543
74479 1021625
1305727 2147909
343147 115341
1203563 1585457
36755 539309
41649 83978
1419068 160003
67864 687693
1202238 1073571
1318614 124583
2256133 1365883
1639234 1423114
257221 131508
306098 372277
790047 11130
268906 1358770
1161979 722382
170530 51882
1533460 438876
354691 301314
2257577 10965
485624 203293
174886 93034
1722896 447696
281555 78609
136443 274661
1688717 662763
55642 121810
1534223 2299002
757771 1965962
10948 467388
133161 1229095
52763 385992
244599 1686291
400923 197725
152520 391238
214508 184255
183845 558085
2027977 75447
591266 216507
168183 1460219
116871 852771
251471 1595868
1604187 872828
1595608 2108460
617281 1614002
400345 1496674
35966 43008
1360223 1936200
1942985 116821
125460 1153645
100663 446401
447133 351745
589757 2094078
42429 61650
174107 229935
320316 2114609
447365 178117
1516271 211772
1842651 631726
1569664 2206318
1965661 1534372
1394772 2201026
1641289 436184
390127 1497731
123376 823526
2165690 266254
62343 404598
1448152 125152
2042344 284989
207289 125879
135133 141816
1194186 1109935
417239 406974
488277 1829257
604407 208719
1729590 454727
32570 91609
687 1856800
97192 391857
124182 260371
745577 103237
1082178 171441
94789 2100051
372831 55848
235665 176905
1607518 505349
414602 25874
1322929 408945
473746 153038
257562 687516
493929 1371587
39829 60231
1793969 752386
2202384 13316
687598 1271602
1872250 126769
345452 626250
2146201 58094
37360 331806
1315127 1917795
911419 46751
2106779 61300
74205 1163055
55044 750293
390827 359033
127921 2029960
1200489 1587394
656895 623195
2021839 62230
80280 534956
1596957 10618
178874 143344
78260 152859
1647595 1320838
100409 614126
850340 1589562
856235 82853
380810 1439192
277059 523904
1861287 1572826
445389 50239
193147 106236
354551 1647403
191533 280210
2009919 1974092
356109 206742
2055056 139685
17901 756440
2128045 1764008
253772 75983
373542 484450
413894 727869
825807 1845883
272980 512753
2042914 164559
222687 358875
1687709 65984
76024 191445
461326 1953486
781634 363466
1677602 636767
170623 263578
1536955 196357
2035160 1377264
89372 194070
1686106 67152
1517202 230238
1250714 1972546
1355350 688506
391394 1101308
1610716 202749
839317 144557
313459 211436
445045 341333
141770 836868
1613654 722401
131144 735507
1982769 498351
1763609 354137
168916 586793
1156151 849201
129575 2198353
446569 1868471
1913925 1428745
11067 1854108
2098553 310573
107494 681223
690592 52537
1756891 36945
462335 786780
158241 1658805
1487381 2111884
398602 1175241
429149 1689988
59295 171857
337685 236828
1779766 703980
218212 1847269
14212 1410491
112175 679192
842763 80861
2106720 260284
1271984 580257
356718 74628
92715 389228
197363 301389
1615915 12775
254337 192731
172795 1583746
1007451 1803239
649381 727572
125814 2202316
1350758 11323
1753500 1487606
1508078 22330
1795504 323013
105409 1630316
1314375 349530
308432 1109315
40031 36133
70786 262084
371177 1984064
285026 218283
1388952 89190
817265 331763
7467 131208
556562 135152
116859 188175
1504240 681070
599934 522163
104418 372242
1898680 245850
184546 106512
195143 113793
1635765 259585
160854 464145
1049481 131532
2099082 616271
465537 164568
1225746 943529
110736 177449
1650197 1242747
403099 610120
2114655 1433347
90246 512902
188435 223555
2014456 1261347
103092 1377081
1749796 2134729
1904439 171468
222327 1117247
193197 493223
1753334 154506
37767 1868222
414123 222075
572971 811551
582377 1951960
246965 554235
10942 206170
202183 102588
260912 564369
2260365 196583
1562189 1212914
1495 939543
1002286 405709
376365 2090171
1034400 1217966
415501 549166
1932862 34603
2122511 1914048
281122 26778
548803 386535
499368 326458
2138603 534475
144835 172395
153135 577508
245363 147714
1603946 63727
1905269 285138
213273 625817
272945 1302467
520536 2785
2070567 510975
47360 343940
633921 22473
237672 418659
806948 316185
1866017 80420
236989 337345
126284 531576
904758 346780
39611 490572
805825 357664
90948 41202
234856 2140543
111138 965449
155377 156937
993857 113455
1380616 1358915
657373 1650049
232637 373912
223087 434704
1600500 1354719
85064 76697
82659 244391
120590 234592
1333022 172880
279184 1842327
134572 470715
471496 502464
416597 998974
103266 1152190
1834990 284835
325735 102161
53530 2126187
2272170 1983832
326453 1634733
335551 1394614
626112 547756
334321 1205702
1666147 662546
571142 71114
291342 1855528
559527 610682
310527 628588
746127 305753
153728 1511294
703785 908287
73895 2187122
1590838 1397376
460858 1587649
1082320 355343
110464 41931
97824 1356456
87564 55457
2114784 532174
139197 24666
857313 625620
1972784 1266560
1015518 1659952
196301 189953
149660 17791
13774 276292
145507 1147357
251818 4550
2098943 277390
270754 826671
1509211 505525
163052 408380
1554966 1908122
564679 204868
374797 1403611
244487 36799
1654804 174842
230391 493586
850626 73599
230321 321664
1181916 1754903
1367543 1872166
581833 725355
1893601 490291
2050581 1566516
1049839 1257782
1630584 386954
99857 766936
271808 162213
376333 1532565
2148277 1442899
301232 282682
554530 146796
331391 105739
253285 1235574
586930 5378
633235 1612501
398439 953982
359126 1848091
97288 291425
1076198 284800
39373 489508
258239 149403
949660 1103683
401090 798777
2197291 2095951
1901004 1858523
1671100 385983
64821 171788
88814 374249
2025494 156343
2177203 497994
26307 2116316
99989 420028
1664467 1655925
1609710 515607
1392485 364154
601852 42618
117170 1419433
205397 105925
1890314 187674
75052 1596987
97136 497696
1558359 1585677
1435002 1936497
1505036 156993
1171097 1377835
196186 1324764
1220651 2123686
1318146 51176
1598106 48763
86963 52909
483510 1193197
1206266 1098998
2148419 2147924
1631442 1767545
1534470 470487
147713 422126
556608 2251069
177878 203704
406586 4086
26085 82874
207473 236103
327023 521744
199307 70509
722877 800916
1342131 1357821
171788 1516193
2102599 1984679
383114 434351
1889896 1598730
264555 1086798
1636240 591925
1080834 1911304
52388 1941073
1337896 552057
431967 1527042
1006917 1444263
48868 29978
1596046 1859841
1233572 337337
504521 369257
1084195 1462546
125251 832786
153870 104500
58918 77786
500806 2143613
257728 1833221
36150 2283794
1578208 90397
418000 513463
1082681 1950159
1612881 1756521
142711 1877039
417337 6109
253146 99874
2072748 307545
75785 801806
1036406 1656958
1569948 1839956
578906 360960
1142 29990
1966178 1791620
437489 2202793
353430 1590480
1030165 349223
1677913 1787668
1767022 1077289
1398123 48765
67163 131821
838831 378576
1854229 663074
1596262 2545
1382485 432812
1670374 37861
277558 326662
450764 1861382
2184829 341772
229214 2225860
1963673 1299257
1567977 692019
1032559 864187
2280629 553293
226950 1386267
96407 2055121
440240 1546854
308668 289429
1864977 118698
1897071 110423
123463 1474511
159582 552890
1171719 1257361
2119726 135254
932638 192011
125229 645537
526209 508277
1230197 120828
1178978 1219976
1287076 2204209
2153228 1712924
436933 2198355
115605 1655238
267629 40934
620532 171544
163808 1426902
553334 2290308
1608091 1487842
1252605 1549717
2072917 1856367
675131 1133121
421088 63217
124629 1224279
1613027 1753951
1980340 551281
327193 394240
1977123 1711677
366347 917278
171727 1510132
177323 1594575
575872 12548
583099 45970
11712 291134
296672 189697
1132074 239072
98048 183785
549354 97134
285090 182719
1658916 115301
78667 240151
173568 32569
1496339 1296413
409361 1308982
287041 1210289
10527 94163
477564 615587
108540 666639
113663 123808
2010536 48083
401641 775530
324993 720652
1753249 420810
1429783 1514314
1292821 83031
448378 307797
2204701 1314787
372258 204426
2159526 360279
2261001 1760198
69362 7021
7444 91477
71486 118087
1312219 1616832
292451 980680
1882814 276410
1599087 1622185
2038025 147503
210191 158565
2170291 565301
1873893 407930
1919912 1810956
1277571 264405
101522 154433
1488809 1205572
56825 338694
172483 64553
572240 1870159
203915 185419
