1000
852703 1065848
1085380 213086
318321 105063
592608 543633
10205 136382
241902 1032036
109998 411497
118303 1144987
344639 26954
974470 45796
107175 170769
193281 417991
32742 87794
590380 284889
19118 54591
161009 346987
2671 959039
402913 92992
40825 186836
365779 51801
146393 1812
462988 311745
145388 358512
38852 824631
146718 1436696
393312 307116
1403007 1453572
63147 8714
738297 335301
302518 312319
458398 759058
31679 465845
186115 180035
315461 247487
190864 43091
103456 160690
628343 969346
792705 22030
48506 367278
344400 213788
94850 754932
1137494 68948
659332 519722
798914 378226
117349 173997
47473 1095355
752303 813593
107735 79298
834809 588038
134406 96007
296951 69730
307529 128862
497638 1024
1493722 684503
118509 90436
86760 48603
956 598351
1220988 251459
253466 590585
511079 499986
586027 262744
120928 347831
148954 270153
207174 710928
975190 164032
466433 16716
266543 823645
1450908 70326
302938 1336367
394708 597248
681675 668471
310835 686217
92409 239248
112893 435390
81736 1299776
1588884 1195076
22345 1125267
60749 2991
14944 84979
727883 1170683
293035 268833
402887 416126
155429 362540
646200 273987
302199 16098
106029 1427934
281392 572540
590702 481139
786336 436819
159795 1658411
110967 1459892
362111 139846
926670 193017
143565 1104189
334045 41479
270371 14383
106940 35556
164913 90858
445892 41193
465128 754347
58554 339017
643068 398038
1371203 84756
1370509 638507
755645 1244188
237888 532804
1009772 463801
1568803 225684
10018 1339641
1486178 353207
502935 247842
127285 1184140
87209 367354
629345 291625
171114 40924
156961 55088
151246 584530
208635 1145683
372333 170691
477360 27478
119519 625899
641375 688568
233556 232003
95917 50565
187357 81563
474204 18477
137406 382301
406971 259056
78825 18375
1389576 75064
60790 1242203
137239 41857
166605 168982
1637199 1127880
451966 170720
419941 352327
40826 213932
184309 83097
744203 102591
140879 796221
205703 404967
950444 166011
96785 70214
653704 194597
90921 207936
89794 1547840
1465711 263058
33236 145008
674568 566177
874915 46447
25807 276688
461399 68161
328878 479611
1540519 3951
1022143 128940
822979 1316731
959972 198042
1221606 33243
314963 186880
47401 199410
579281 145365
8629 196023
226634 616240
164641 904813
284344 81363
1439041 335412
159549 141556
184380 305803
408872 171584
313073 78721
125197 8335
620622 58960
211770 479348
912568 365401
10416 1451318
1386717 236709
1218877 1459675
693073 1588804
549852 51352
861064 945416
1375681 272051
224977 1250740
229330 234768
237525 14193
606650 400780
93947 476438
420403 410574
699220 6424
146205 165323
380233 160322
1386309 95030
577400 900684
788167 92142
857506 101423
1462104 191371
35924 1176309
799221 71782
289732 1189385
364679 1229450
1364394 1577379
89984 714981
458998 747173
231126 53937
290771 528555
243250 590688
493193 203376
1360269 38079
1128953 635383
1351073 227313
1503346 1138634
648917 545387
740693 132310
939655 152704
84026 247270
999447 665605
42335 30168
371474 598831
336743 465376
321724 14745
14301 1441937
656088 539803
508 204076
262724 1135632
738221 216807
161972 254324
152394 605411
78743 651310
6894 13964
579280 91283
63670 407696
1477686 109188
182346 103111
433414 345871
976139 77897
376766 1162658
680295 10674
142953 682767
220592 589497
187606 985380
723701 473597
168654 47724
230686 287431
334405 45447
88227 138508
145026 163892
348912 1271998
99898 1125728
62961 305577
257156 479978
175467 520587
369078 56973
557854 320552
364281 693258
132863 1298181
473636 32136
126856 1600322
818724 481666
67522 201090
644774 169514
450347 551804
157022 99150
438017 85407
645073 246326
498049 1038914
51433 8803
123739 185488
726637 437582
981134 201992
241716 731356
1463799 630586
335252 107501
231107 18254
352059 108783
229205 1640617
342682 566400
203636 315350
392431 495898
515342 15001
57254 20988
376609 1088915
568139 815641
1195121 329798
275330 678483
367060 362675
126475 335036
1681304 263997
237935 228700
299754 450429
435260 1235363
441342 873948
159388 9561
197693 1182874
526457 570664
399926 289822
250325 91359
207764 82947
11012 149593
198091 78527
592575 1388694
573550 469477
71570 567835
58931 117859
738245 420529
1065191 52546
99619 95613
1454450 311778
1027959 1685416
41264 124902
214574 191332
590783 818684
342987 694577
480890 116355
606320 19441
30665 75892
455585 713410
779255 724970
93420 1395570
534188 474049
115818 393509
663699 250857
265400 222482
417227 183012
220778 202199
392786 264510
577108 2844
151230 1403042
710031 1477645
875929 103211
486581 1254175
198670 172286
206144 905608
63448 117694
272678 305604
1179803 532331
50701 185775
757847 114450
618643 48521
373218 784297
68408 86700
144280 338764
873276 121165
292724 448994
1008471 181926
322499 350518
1309428 1113071
1044767 158793
620033 499369
343333 1080744
93181 261190
395005 1464951
736877 37968
96557 111319
89033 252980
24546 1641444
147223 1558
332990 66981
123158 513369
689239 61861
526093 163432
187013 426592
1000695 1155086
1361930 153752
383292 289108
93463 254658
404467 263270
36486 38965
336079 1377513
161260 212474
211254 14059
207167 488751
15569 1278289
768989 1404799
407930 137279
594146 165647
125489 45542
407505 63115
471 348311
46509 126628
532331 148808
196961 1556115
231180 254083
30898 1440647
212526 19886
184231 664228
585372 216835
57816 247473
1547742 1368673
210796 390556
103924 62898
373427 63273
1087384 94438
132844 352863
229236 13578
758699 58157
1577736 89087
50167 222001
151164 825290
193345 186089
340649 202033
61729 145029
245915 124502
559707 232344
901053 662220
7076 580980
1198618 129889
957658 726874
261157 719505
194270 963866
805153 850323
463096 767534
512262 241382
108442 458258
1331109 123559
3121 279849
148118 65131
241116 564910
24855 770343
69716 1211522
391040 793611
162152 83180
41400 89121
439840 101917
1571016 478760
599342 763786
86974 222872
153690 977539
821198 320029
325621 643688
248000 97247
1215686 569723
178190 3264
262748 26407
792198 399882
430826 41552
243498 1401131
129932 90080
63084 360788
217478 676214
116541 68434
395313 232208
344362 1138454
1439592 23631
42390 72680
285357 326055
187973 28915
129832 190027
32323 208313
36819 1102070
1611838 540609
451207 41598
170411 368687
138874 58815
68463 177767
1181156 21638
282465 306726
61955 516379
35317 41217
228089 806435
1162151 1113026
193002 1293869
1448553 146156
141772 13716
482158 11091
384474 171563
582044 118205
38724 566339
764889 10666
882484 422311
192453 628110
483295 305816
1342299 727206
99271 485839
351085 411618
305685 60520
87402 330550
23600 732501
780224 1681133
821741 77159
9644 43179
73922 236474
1698998 116043
73030 282156
129748 2760
51142 145535
640654 254078
703886 196312
1243133 1715027
19621 275260
142955 345587
133117 61026
40270 164800
1341849 366350
1534649 649498
218841 310
324947 348170
236939 323823
260764 118653
4281 206515
122177 673404
477190 491859
111537 267135
21980 69365
61283 618331
144191 35751
158011 346219
99626 26892
330396 67016
151516 310883
369602 192527
86755 50276
1234915 398017
152782 16694
308215 1498125
232657 625009
617545 41324
49632 451433
105729 765287
706734 183596
366821 38124
41513 1016179
152276 149938
399094 810291
244643 1139827
183605 487564
1314987 92390
676034 847268
264231 600601
340010 1491708
552798 1462501
217009 67351
548260 300501
695549 1344682
166081 125046
1398765 1087047
1708196 16592
249121 151905
1674325 20997
61956 45273
406091 67760
653435 336479
175110 108044
23083 703413
1481782 129636
242447 189271
109488 796998
296067 402936
172279 1425654
339045 162634
100230 75057
101068 99977
902341 162201
81347 886843
11254 153132
408066 154783
50578 211728
306434 50144
404910 108754
358580 373698
284928 1686002
395628 535784
290809 46499
165209 773667
547240 323577
716500 1297340
184930 483209
705297 100518
1582253 1462320
562520 5864
1317866 180433
1539830 521667
216428 289455
734333 3279
540191 16996
125080 95449
519886 888311
365345 91826
412014 1069651
486215 176326
39156 277842
1300032 243384
71950 208600
156735 725120
185359 516601
282063 1382945
526155 264938
444821 47071
1412192 55396
650121 171491
73866 11389
322366 315461
339288 46612
535432 78396
457757 23505
78659 583562
92857 613026
82851 181334
65996 67553
747619 73631
830547 149040
46290 337864
615786 592595
441594 197901
912128 229293
519350 491045
49531 1065853
96275 450556
1594931 366649
278662 159211
420335 157123
22014 283158
27516 1032189
789653 924198
12042 154782
7929 326354
389305 668881
34265 7009
320084 205832
23395 22695
264531 606120
567239 112558
156845 387270
339714 1447132
80688 10475
134847 261579
171669 164468
1364686 24636
940882 241943
374352 351827
574583 393031
41589 1652700
204602 794094
4334 361665
101195 27942
411701 175660
276410 5629
112432 253345
399915 658692
222771 246870
713498 484955
1099786 699328
461357 299845
308509 320913
390485 43563
38931 172407
190332 83130
1592928 220328
470499 469222
1484600 334029
211676 125252
972854 928892
132700 49033
1509615 965499
1007945 205754
159816 181891
26106 960637
721927 204372
199117 162120
1153841 1477725
224489 453871
1460035 241056
289620 1423076
806601 73622
142433 721969
509723 479195
552604 112366
96667 1574556
1706592 84504
904033 1004818
350242 813180
1053710 140347
527771 507531
461166 589535
2291 109985
201871 35929
1000565 1984
305238 15060
416967 1675
90231 1156225
731715 339101
367618 92424
656311 657149
86163 655186
1411919 523276
165335 83158
331649 968005
256442 1164205
356071 652276
161063 113882
1711478 502429
160019 338208
509393 283125
368780 162661
286646 240044
106360 1438474
435031 702322
70855 227670
114601 170897
876549 89545
512614 818354
190608 112202
531954 274656
717256 135924
1206151 53446
303190 1204089
717640 280657
56593 75507
1455135 192090
274114 53737
258858 189848
33002 42699
759103 106743
81332 23258
102829 9462
115331 1170381
893961 128498
719775 356540
217438 396212
816371 158583
204930 1815
1030234 854164
284159 1576
1636 52538
13087 67128
109163 283337
78086 1448552
117054 1527177
87094 225018
13105 26464
240553 1320799
424464 1407976
884037 44808
86231 123609
193174 488676
352201 590921
494636 251370
381627 804484
52760 127270
1373736 729770
217924 806784
1422429 353104
696841 92766
98583 434995
394843 113508
191758 513178
793746 1588867
159282 492722
39391 288506
1328644 253701
80014 74553
885324 310368
392972 250524
182165 201948
519083 1416287
87435 629340
675714 63771
1575358 368351
170541 91753
998823 385783
41089 116611
1416669 1232635
110287 1306161
129865 1515197
228971 93059
40971 120501
184615 1370896
623973 406033
22304 48915
1584683 227644
551931 81562
83991 302891
1476942 789825
595031 1447562
493240 146197
347046 644537
322608 81447
184966 232371
44848 404519
215661 84073
725360 69952
39699 763751
41581 846831
44538 722439
405855 38998
104334 174122
1253968 24947
300526 345517
1008118 1207816
308282 354149
96453 29657
1670906 561814
1112779 182413
742332 462023
414808 953582
296429 41624
7811 375044
1169971 648383
238279 683
366202 525701
605233 687511
522306 173742
843061 98404
1026351 210743
666311 215647
1406048 1532371
58642 404192
197735 501023
414159 86971
182390 117754
22880 842536
172004 571410
41979 1131780
301856 87429
1141696 35524
1032473 164214
932112 379557
162251 532512
259102 95534
45127 1116643
127742 536007
337551 21199
1565846 1218261
573469 399138
621410 36352
854191 274152
378900 84627
99102 179297
35578 531525
317727 443047
676427 222881
421464 162048
460588 1365026
500978 658809
723397 254336
178893 27974
75479 1018536
50473 736664
263611 303388
228011 105779
121557 1294243
189132 810784
634298 352824
83631 304184
1329698 191667
71205 205468
241849 248756
513312 41126
20583 205866
325002 863211
798423 948864
366216 452993
230004 182449
58843 985672
869196 333060
622827 45759
59609 53848
388670 1061538
178244 243550
216017 135672
698922 101577
163739 108786
162776 485558
1518612 191886
26381 82342
101000 345295
17849 672350
942834 259897
696129 459556
1673528 440186
903644 615072
221693 1561451
947214 1701066
976938 100218
45793 1339098
67740 1065117
68433 262610
665303 262687
63968 617786
284233 896366
1308451 509836
33874 426886
66368 398889
608090 1327617
129984 599692
116541 56972
300355 440700
644488 15809
157110 442286
1170613 221230
118893 22483
1442128 23686
83301 581968
84426 1492297
75831 463030
293743 605883
186325 359623
21036 74676
821522 708098
610973 631570
101238 458522
341957 201831
1455735 164082
226162 134453
420493 164015
177166 944774
14013 150497
1268677 98494
518038 44220
84651 317767
613634 477307
136213 646931
1131230 164450
384466 220413
665814 181567
79256 1584499
469906 539696
12930 422504
13459 247521
353237 165909
233922 1108340
90346 256920
900201 50453
165853 107238
937004 294643
590256 413943
799578 6251
25345 215760
1675869 446224
708687 657344
457641 422689
240245 165663
2024 261470
1391131 15447
353734 304842
8365 446429
31891 99642
46024 1308111
1520941 231156
69869 844674
369445 348325
60723 33192
361164 88504
268639 111239
294248 1315089
2099 71036
349244 46253
63268 352883
107092 36906
128459 253606
123548 139662
43307 1561170
70083 91824
367996 59216
136893 210647
1475895 869193
1373290 45345
379199 84383
1383657 24040
221875 247426
445239 34332
381349 936047
82988 553470
237965 26368
267883 185043
302520 205506
148255 129944
195030 247891
55285 399643
357118 212040
1645701 95378
1153417 1343940
149516 74034
52368 116511
100263 311648
486918 313740
382139 1320197
207211 237735
163494 275263
70091 670611
782770 163699
792944 667896
370033 897395
106480 512871
265746 254930
603619 260627
445750 164659
213618 1363122
274112 80693
843299 181993
495203 89202
917426 1346907
54184 1198150
12127 241647
207896 84138
990205 100733
290900 196880
1582385 574156
109560 968375
43228 503413
166947 304790
68757 1470839
