1000
7380988 4778385
5560692 4042232
4948087 3728304
3332472 1146674
7324688 2161932
2935263 3436186
4034014 2473713
4675709 5050186
3696837 4536565
5389040 5657743
1741785 4217240
5806925 369146
2947994 4098041
3722014 1466871
2215382 4954584
848291 4094833
1978692 526991
2234528 1110885
4198021 5415534
4058537 4103151
1741589 6664913
1650334 5601108
3478086 374524
4834723 6802370
6685729 2526687
6690329 847420
858006 5039183
1294095 3776082
3258994 6550320
5057440 7021086
3961778 5744893
3615670 5723624
509330 7270282
1061142 4677411
6972326 4979603
2943451 3106868
5835286 4433781
991941 1654550
6581075 7335940
2802203 5787176
4306213 3867749
6481333 5098743
1118767 2065639
2994928 4241351
1051179 181418
3825625 4836281
167676 1492508
4793830 730589
3234487 5671663
7035494 2667907
4849659 4340820
5599394 3085461
2998332 760740
6326928 1984283
2616028 3489887
24913 1094787
6967443 922403
229349 2426231
2922852 3223983
782239 3889737
5270884 6198257
2862262 5437241
1830 7228140
290696 5114668
7149367 1800480
1910916 6295993
5941717 1717987
3759649 1356008
4327485 2489175
5110737 6669631
7404853 5131881
2067960 6958532
141004 2301728
1799592 3050309
5386929 2565509
1040050 2979596
3090208 5613753
2596942 4995669
7096149 4753432
2362186 6894468
6318542 4197576
7390705 6570425
5738827 3732551
217002 4305037
5906479 7012816
3431009 178343
6363736 5334783
7073916 6501162
1803154 3341496
1954396 6950047
7355568 4777909
4250511 3009020
2737390 981036
121404 2353613
5607009 2491210
3625287 4383471
781386 3587548
5288159 747110
6926840 5512429
5024303 7056585
5046044 2595542
7171716 3886373
2093966 1371824
4639085 3895242
4530733 734502
5122735 6209064
5452497 3587407
1639895 2356168
4400711 3722803
6299971 2357310
182604 2326936
900391 997119
7350614 5985064
3657084 1314660
5746554 2781841
821070 5037820
6944056 2511946
3036818 3414372
5591087 7258717
6940078 4336335
522824 6258523
3004996 151858
2237668 6258136
2508938 775084
2348212 1250002
3075340 2527588
5313404 5699790
5287208 5244967
4180172 3086744
6275822 4171160
5656718 1476199
1459203 6834624
5670734 6074677
2687552 3702870
5937797 3994263
2134204 834854
2645184 5042163
1017405 6480607
3765922 5276812
7088033 83275
6265572 4537673
2629282 5826364
2610916 2079480
3476700 6487078
5056503 4085441
4984909 4945149
7052209 6137433
4211134 5280349
4787266 1041362
3113563 5048909
4856963 5134142
5722139 7116771
4319392 949944
456531 2204262
6005006 66997
2297409 6575243
4620980 6545488
6671416 6949020
1063492 4414943
208137 156286
700597 5158877
6810379 2224246
5585622 5320596
1669401 4549898
6124558 4644320
1857023 3437301
4012085 1806224
4998617 2478519
4583656 5420286
4533661 4936052
7125971 1022493
5746737 4308081
7309454 4940859
5578925 2840839
1636700 5740276
2997742 4190950
5140889 2240497
6125383 4944384
7166739 102579
1753456 173223
6508955 5430434
3654658 4795425
1471303 2748437
6969590 5837005
312548 5796800
3134411 1979456
6646293 3123598
6038818 6508183
199431 5861201
1739811 1800808
5845994 6359130
5809337 3383073
2938816 6179685
442692 4528495
654278 4154411
4717636 7045525
1810791 2495247
6087432 5086345
5097247 5625777
3310643 7062127
5659577 477114
1572906 4778566
3656862 1897796
5585427 3855047
55744 1542640
7131413 5896485
223673 7171761
3594683 3150185
244059 5814598
7285312 947066
2302504 6311919
397347 5835976
1249584 6491894
3307022 6058227
6319629 696687
7383128 4476418
1232443 1531077
3462161 6452777
5237704 1354878
4537076 5286924
2780981 4246813
5476715 4871508
5799270 1340838
2197284 5989881
6931290 3998102
6823421 3640575
2727912 1668231
1757918 3885855
2503308 4995744
4219216 1281338
5578340 4192020
7208553 987959
7179359 5122527
7181486 5024604
6185286 4313439
4456573 3278164
2759603 2250374
310380 852822
5313076 4372724
1201765 4698785
520317 329729
432077 3232607
3954167 4154566
1221114 6137258
1391137 5296166
1691295 1149552
3727248 1512077
2004730 5288937
6355329 3748276
4460028 6858130
165421 1235531
2588142 4787008
5243921 4757625
5555893 2883717
1467214 6492974
1715720 1944425
1296282 2191035
6795673 5068963
6048839 327569
3690355 1720203
7242290 5204875
2791867 5349660
849067 6432240
2983789 1573831
2558730 7078708
2783846 4587357
2748723 6938010
1665518 143234
4179982 1428578
4880614 7116362
2238847 6353014
3548387 5267958
2892820 4620083
2631515 3258863
5007662 289225
6626992 6544565
7128155 3778390
4332471 2460800
2594391 1480719
5737131 6732695
2983928 809791
5617990 5554000
118397 7009626
7303820 6019304
2812261 4749746
7413591 6657189
5429509 3547306
4344468 2495966
311144 6699229
5587784 6985624
1453836 4647433
6000013 1126766
567716 4634256
5324214 5031607
171763 3459897
4196225 3139796
4188520 2099158
2891710 6026907
3535901 2769241
4611859 340641
1667882 4608295
6969628 1305013
2302550 3850968
3723215 4494365
4811516 3464208
4010059 5995433
2277681 4276043
1439585 4698523
3112107 920920
1982045 3285642
4259221 229821
453814 2613851
4245302 3350723
2968254 1881123
138146 7168466
2268330 1774862
6112731 1682380
4855683 2760237
7037039 735917
6955108 4341074
5897219 5255759
4639591 433304
1789164 142269
5159097 6551274
1087202 1356806
2258161 6945417
1566987 2732779
3939160 7283313
90695 6565572
1746018 223108
689315 5740969
2007334 1189204
1669245 1075126
3856349 1215503
1726515 5098951
7089176 1897871
2654031 6017406
2385990 6080431
466017 7149747
5203342 3462560
2954810 1630603
2853876 4362791
5982381 6454453
5993913 6057155
7185660 59445
6283535 382445
5799343 2658628
1574946 1705481
3661518 5248365
2840666 6953102
2640151 4328956
1363108 6871638
2793494 5487161
5536483 5135510
6934719 4955680
814310 2327601
6290724 5450864
6441877 4843486
6071414 5025151
5225945 5886794
6801312 5765769
6249309 6848593
703681 142559
1014335 5997252
7050834 5588101
7151173 4107424
2238784 2961806
3415205 6638535
655589 3123170
4209029 7410539
213299 4956821
2310939 927458
2704935 3088208
7278317 1196308
2249147 5090044
1377897 1488037
3222530 7345612
2672178 5686381
2042971 3608609
5928591 3536211
3362472 5708609
7167424 5452882
973629 5042938
4507319 1597492
2304800 2912536
3520714 4388893
1980999 5637162
5248128 4536426
1039049 5109776
7209712 5060933
4348073 1154961
6265272 1712177
2972147 3253798
7106835 4884188
950145 5647552
588460 4216854
5603312 2299835
1930762 744088
1506279 535112
2293185 3753528
5290163 5621933
264609 6995745
5506952 7137243
4072599 655929
4794666 5659775
5618760 1455718
6589187 6089633
3079575 1968671
1742152 4585498
1050300 2643268
4448880 3522977
6567493 4274426
7274028 2868016
4996745 1369672
5254962 6962337
6664737 2879143
6813194 1388043
2336610 4770619
1064502 400166
7050700 7347768
5989964 5207208
3253723 6882200
3820795 345112
3222961 5383627
6688965 4160209
2189396 3656296
7204439 1202073
27485 7104255
5741351 6727397
2901339 3365782
6160674 3914589
5965220 7161226
5112181 607510
6252605 219434
1120005 5851542
144128 1420242
3481913 5263824
665797 1386058
5596466 3881613
6488484 4744881
128451 1123217
2525374 1888161
4110838 4416740
3482533 2155124
3663709 370472
5398164 4109541
4247270 5624883
5646325 1634220
6094035 4357265
3824667 1528164
4488487 5711756
2828926 2105678
3345338 5301263
3385829 3131757
1444365 2290272
2034286 3465661
5172555 4427098
6959937 3447971
3077615 2890109
5467903 782500
3265189 5065396
4785949 7117224
3026607 4641082
3191251 3450302
1338260 6667840
6571142 7299896
4862252 3776736
1973177 2367822
1339544 5242179
5351487 4499605
1689934 7069461
118790 1060440
5833016 7037365
4348886 3154272
4291929 4058432
3924881 1701001
1371805 2852615
1400099 5989932
7110749 6188076
3793679 2880738
7082597 2757407
2748549 6210209
6178619 4587240
996636 1780394
2106546 419359
6059394 5581101
2006409 6184237
6393854 129166
36513 3191328
5166307 6072301
6908571 1340044
113274 2610914
5828129 1506871
2917728 5556066
1989268 6330394
619335 1619828
3430655 5198620
151151 3954046
2074411 3065990
5579472 5874408
3520364 4126971
3924129 5395294
4591165 4552913
7140701 6390329
7358893 4856128
5060123 1313509
232752 5159727
5622778 6008795
783207 2757186
5813878 2748750
1520980 6319764
5981462 6550826
5787533 415645
2905707 103008
3516661 702815
253884 1147289
6486603 5901962
6276780 3556978
2902467 5990300
4233734 2822714
5162546 1552254
5796930 5392474
6460300 3881006
3899474 1601502
654752 3954051
4219893 2106725
4539518 4488417
3006641 2726972
4954347 5698785
4693164 2602799
601966 4996926
3676501 7008595
3271594 4218237
4908712 5906776
4495195 1430994
3022570 1940138
4740711 1168686
7027067 5509319
6591346 5245051
6852836 7106119
1450298 5390607
3727392 5799566
2166691 774762
2775887 1303813
6297380 7092251
3829280 1347772
4557671 1534110
764504 1997572
5598001 7188745
207179 2426073
3096740 5103034
6006176 7408389
310264 5626970
7132477 1377695
5098265 6553524
2909442 607739
4360533 639226
689859 6285640
1437526 3411648
1867018 39960
4899283 5517073
1388669 1741358
1251343 4003396
5540424 6595555
5590293 7363732
3362556 951166
5051074 1753776
2883548 5321368
1625189 2562435
830546 847732
3438886 3704417
1480588 7382944
4244377 4037699
601265 5530364
1543262 2487540
7180489 6180806
2162843 1138852
2271365 3317413
6701682 7409145
4233227 4749650
7358235 1723584
7204408 6695248
3438516 4520498
6211162 6666964
1279446 6949574
7293827 4535292
3056836 3235777
6260254 1465664
6930528 6817277
6718095 2833226
3690794 6485934
1445373 5635610
1897952 5459945
3162951 1084941
7098948 1551193
5659097 7052834
3212498 7128545
610680 715855
4224188 6793713
7176984 5332250
6198833 7090626
2197575 3606818
2862863 846187
4889245 4140011
2008896 5840545
6665220 5522051
4848646 2417246
5386355 934952
37003 2748389
1885665 1674348
4186261 1774847
1253118 1528630
1492121 3780797
2179837 7180495
2968899 3895471
5121203 3503901
3482985 1500928
1210213 340398
4174777 5874091
4443046 235588
5964411 5432898
7378508 5116187
12946 5323654
5855859 2060740
232245 35856
3702314 6145389
3816284 6499029
1971442 6837076
2663761 4098921
6602946 7115168
51798 5926575
3138908 5394524
7145864 4223957
5698052 5687679
4355435 4365807
158041 4615826
2095928 105019
2003750 4066841
5449372 153903
5867011 7294491
2199702 3846112
321124 5749254
4590402 2324285
5104640 6962648
415213 4164346
1095009 2511008
4348207 5883074
56289 5854318
4362064 7408571
4033506 1038061
4359984 4168952
7155669 6216645
4253558 1723300
2705412 3937892
1871792 2837637
5602685 5796937
6317082 5860742
4027141 3380409
423836 3261202
4659792 2908221
1555190 5608097
5258500 5736865
5739235 5313428
4084392 2487037
7009868 2197620
5270330 3929836
378262 5026234
2537085 4630176
6484879 6817398
2725152 2728814
2073159 503787
825072 2759873
6303020 6471719
156824 1208134
2130225 6568886
4013649 5472323
6392477 3432326
3616291 4613692
1018611 1753761
6825122 2414644
3920032 4521871
6013818 4257285
1791595 2885206
3096350 2646527
2105334 7257269
5213903 5870285
328201 146060
2906885 1108223
6596176 3057281
2163534 3094017
2020751 203258
797252 825724
3676235 6026989
5355872 6260071
2111654 4623576
1105433 5798228
3366434 6960969
4304538 5070626
4189830 1550196
7282656 6024932
1406563 6809817
6175695 1705386
1414047 1496301
2726777 315226
4383460 6503229
5273059 512268
6702635 173846
1390619 4623860
533379 882834
3347724 2668169
7086789 4296151
2728021 2991339
5584631 6741132
197169 2052929
664499 2056035
2416314 1988205
3222581 998256
3685199 4478809
4272912 363616
6550321 2880158
6868860 4257470
3370683 332788
6176759 6346723
5015679 6694280
1591707 2495996
3745793 1213652
6519937 6127258
4100069 6291631
5434471 6005951
2710528 231427
2383871 6710419
4157482 5464012
2031527 1888729
2250055 6050636
2297821 1218357
1363682 3539470
7032452 6313256
3906236 24089
5255846 3025478
1175756 6583152
5350059 4718888
2107064 6057457
3287977 5943175
6682952 2915302
6240622 1765432
5038469 1064346
922159 1446887
6268886 2900163
3246405 2851960
3265141 7071299
3980326 4461016
3107614 5323498
3247497 1124003
5351950 2697358
4044209 6271058
3653384 1651583
3450695 5573419
2009043 836192
5759116 1157133
5519614 4496835
2856337 4718683
7094716 5536523
5916993 5919946
2613945 3477354
1161964 5673030
3054104 6697373
4365854 5897768
4474746 1763049
1314785 2116120
4341235 5175733
2753129 2092230
988519 209972
1845231 4810827
1091716 7309432
5774203 729262
6136364 2878855
5392092 5818963
598639 5584787
4231912 5068486
3238334 6972610
3097840 6002931
456166 1638599
6179743 4974197
3339575 7202065
1260625 1802219
6703039 5698742
3886952 2007201
5861260 5567873
6573075 6769817
7099599 4851160
1864563 5823834
1853499 1479698
5878628 4335843
1255714 4365163
1674272 4347295
3881171 6389873
2800032 4280607
330173 3300699
3421369 3726695
5002743 6275168
5359695 4136896
4443779 3406680
195766 2730257
1256709 6760613
3873931 2791551
5852052 7181247
2882010 1655
1231384 1136799
4336428 2365215
5386735 68737
849828 3413485
6472410 5439064
7261084 6800512
1014668 5127422
2918873 5792490
5665414 421046
4172294 2486651
3881533 6077136
6795194 6690971
7084393 4957110
3855154 5552311
4689805 6384180
7165363 5740992
7242839 5864615
2352452 5210464
5926443 5029774
849142 4979659
2762166 2631744
4202549 3705381
1885285 1270646
3746511 7231830
3653761 1980944
4189226 1580551
2412179 3428541
623759 1991367
504591 6134229
1721458 6927476
5096588 1491949
6904661 6659699
1626077 1683015
6038901 7263876
6442268 1261428
6540251 3524679
3830338 5053987
1330875 7159417
6025866 4862433
1538683 2022893
1041055 5574099
3546707 3344074
3177724 5884190
6942910 5551955
6282888 1145458
4957956 3870489
4371902 4289229
4779165 5820593
37127 3266934
7352189 881988
4368697 6454728
4292019 2327024
5739360 5476261
3985600 6009390
4509792 5333368
351755 7089340
3249764 5705927
2959251 6148418
5834695 2345469
5909752 6391361
5241647 3257068
4502322 1889120
1693075 1581359
7410691 1729603
4712867 7345895
4425051 3298838
736267 1021595
5477263 6322435
593603 1687879
4946225 5096086
1246340 6990720
4696121 4348005
6950019 1784813
4820317 7013955
5832143 3139450
5917312 3480784
416123 2859581
5251210 2124977
6040615 6963769
5627233 3215944
1363920 2403070
555186 2001098
5193846 195005
2711943 5701859
3852729 1755765
5040148 4921117
3143370 3947601
1546682 2557534
7186828 413488
3981541 5644828
5441374 4166284
3338099 50325
1155016 2768719
4121882 7019630
2152913 2023448
4586069 3414482
6063055 5131527
6994500 3759645
5308234 2140267
3693742 1413237
3881742 2833340
6036637 6690118
6452981 1881029
3600348 6209761
4235409 1654623
6075495 1946921
5633968 1794325
3968097 6563402
6193628 167840
6067853 731793
4132747 5019912
5855614 2616256
2414876 5422024
342580 7332961
1730507 5793816
3189589 5454645
944290 1653238
6315299 7159713
5319266 4215298
256656 1813339
5689141 6326287
5572571 5577501
2509707 1757911
6319480 1135827
1941395 5019442
3754520 5845797
4177943 3880276
2746130 6285618
1531085 3094425
519420 3178151
1229152 3759174
2818696 4012647
6952831 3486423
3760489 4739612
7245335 5780767
710355 7171128
4613929 6093397
5322243 1323397
2208865 4140991
4207068 4088234
3288581 2047966
4185994 7073493
5703826 1062289
208190 6986652
5819918 792101
4501968 1330035
4387383 7005575
5156012 3878519
4830840 3043189
2761150 4642269
1168463 3414357
6155513 7265571
1887721 5742932
1145464 4059216
2207080 6938931
2240002 7036660
1462172 430743
1143441 1396334
1513094 1365499
2751122 1582704
2054291 6955607
2789528 536348
860882 79371
4340517 7203362
3124158 6808593
4428197 4181790
2656123 4939973
4044527 6184326
3032958 6752458
4501536 6832586
472879 6482778
6372330 3869093
1389598 1798079
5074104 4632257
3079948 7383421
5982848 6740513
1394524 1182782
7146340 4093483
1285341 4095359
3903914 6006405
5193716 2476319
2606330 1988297
7044916 701697
515573 4427879
1808721 5045597
3790931 2330226
5753542 2539401
5896358 1389586
4251183 5246981
5817759 1488649
6933405 4294112
563799 2661030
5325572 244591
