1000
537 511
1578 520
904 984
176 1529
480 869
747 1016
747 891
999 856
921 907
1333 747
1037 1482
157 920
1452 602
2593 1591
534 890
557 2626
1604 908
978 1344
1549 1028
1433 895
2962 1482
1855 1409
1511 72
183 884
919 891
905 907
1522 5373
1574 937
1465 937
957 437
566 501
545 1517
894 1020
1546 1614
602 701
1046 958
1528 1470
1139 1586
881 1338
5928 1433
977 4130
1415 1574
1509 1520
991 1315
1546 170
117 1011
1018 187
478 2594
35 136
290 1358
1524 857
610 1511
1141 96
2282 1006
735 912
1901 1626
673 2453
524 734
4765 1341
930 1474
673 74
1528 145
1136 903
971 1597
977 137
764 1335
135 969
196 1421
1521 290
1624 2591
880 95
934 17
138 956
466 706
1262 5610
189 856
1034 517
899 763
922 136
1576 672
6269 603
1333 4177
2661 4139
1610 866
497 1304
1802 544
3517 887
206 2028
493 685
4797 1119
1001 693
995 702
2592 4131
33 2548
916 2660
1452 5218
194 1049
543 1338
97 856
71 1130
515 57
529 1454
855 2900
1560 1449
1488 1188
1892 1020
417 3116
1028 1984
1099 1316
2374 460
1323 5105
152 765
1164 490
860 749
602 2289
2963 674
486 1408
1315 1321
1136 100
63 1529
756 1481
1521 1532
265 237
289 214
683 1516
244 300
697 1413
658 103
618 1474
2659 1185
622 1455
1011 2825
1299 725
1067 1229
554 2222
188 751
478 793
1881 5105
161 751
618 96
766 5451
774 2376
1073 168
173 655
751 1160
212 2603
643 165
177 631
768 185
1594 2812
161 5098
469 807
3904 108
1196 631
5098 154
2372 578
641 1881
5852 1159
2808 150
159 817
4177 1388
276 1698
1316 2424
1495 1577
1580 620
3120 684
547 3423
816 1984
550 15
5181 768
1243 3410
678 549
1179 5754
2163 775
693 2395
1260 1285
3421 178
3654 2445
1354 3668
1382 194
1808 1807
5375 2898
3654 1393
227 5777
468 518
511 4177
893 1256
2594 520
551 923
1470 179
627 897
602 485
1600 1047
1048 122
1403 626
724 501
1271 551
962 122
891 181
19 2546
98 747
925 122
771 4114
1528 1496
5098 498
1528 857
641 2682
1013 940
1604 1131
528 1139
1131 1129
969 1432
190 972
4728 1559
900 1137
1571 931
862 1511
998 1506
967 2371
134 1040
515 1137
1003 1298
524 490
1595 5928
1341 854
1412 1595
198 870
2963 867
1391 957
1015 174
1143 1549
866 290
1854 493
712 928
1025 113
4796 51
113 922
926 900
977 138
1421 158
542 1613
1473 1035
5966 155
1019 1316
867 694
67 2593
493 1164
679 1571
476 1142
915 2370
561 151
945 3459
1647 1433
1425 2660
1500 1233
2597 5923
1206 930
1184 973
1176 1017
795 1500
2812 1044
232 262
900 1099
302 216
151 4728
956 1170
2289 870
4690 876
559 647
1634 116
1144 988
1605 3120
632 1634
1170 528
1539 5105
1183 1524
156 62
5778 2908
1408 1529
1514 692
1614 1566
1041 2662
515 496
686 1569
134 1571
1900 964
1302 1036
1335 80
562 1483
502 1510
1036 631
1317 5430
715 2961
2380 726
134 911
2052 627
607 1121
1488 2445
1853 1599
153 598
1524 154
115 1196
2453 1526
115 678
4130 192
1621 755
1580 903
1449 654
1559 2395
1176 3904
1269 12
1228 1566
631 1322
2825 943
1480 1188
1896 2380
1332 1492
734 12
790 765
576 138
1122 3124
3242 973
143 700
200 721
1170 1303
153 1462
3116 1175
550 665
752 578
2626 165
437 1175
5105 817
437 1308
1977 1182
754 790
8 1305
678 726
1585 1132
763 2445
193 1904
775 664
716 184
135 180
2916 5927
2217 1495
1067 100
496 817
2490 1700
2222 581
8 774
67 1902
3334 1138
1895 671
1195 1492
696 1383
121 85
470 32
1393 69
761 3424
683 1385
180 2072
1387 494
349 342
4690 1901
379 361
1899 3116
633 1219
2693 2483
1653 675
5290 1387
768 1393
1419 1903
1158 1067
835 1101
2390 2393
3230 215
1180 1358
864 456
603 520
2597 893
1299 551
1498 884
904 1033
468 1416
1624 1047
1496 141
551 1158
936 567
1632 1009
981 1604
1130 968
4136 996
1854 65
4132 910
603 5547
168 896
1011 1035
947 1409
1016 5496
890 146
863 2660
459 900
966 1534
1626 671
1424 4136
939 934
1357 1529
1452 1491
1132 1344
1125 1446
1408 1414
83 5496
958 107
57 1335
1852 980
938 892
1482 198
5924 476
2477 873
603 108
927 1518
2592 1192
1636 1034
2589 1495
964 79
686 901
2547 964
611 914
135 870
1478 1295
1124 567
474 536
1161 1344
1621 1488
160 962
5928 973
568 970
929 170
1506 755
964 1227
293 258
148 1855
1878 2429
1415 1341
965 5009
1037 657
985 655
153 1574
2072 936
299 216
269 241
213 207
1432 5000
2458 5956
1561 1854
872 463
949 711
5217 1414
958 2221
966 140
1358 494
883 760
1126 103
1514 699
1206 925
1042 847
2282 2661
1321 1310
1520 1632
2458 5430
168 3210
1542 695
1121 1120
1162 866
562 2477
206 2371
1322 167
1130 534
1172 83
2808 929
1169 1144
71 67
847 917
5042 466
2596 1382
2282 857
273 260
495 2011
5928 651
240 300
1186 1181
1229 1901
1524 1189
725 1524
209 4210
903 3224
702 1326
633 1308
1415 192
1491 628
89 1410
751 562
1226 610
5042 990
2376 1135
1532 182
1191 161
1134 699
1197 4191
197 681
1381 847
537 1187
1099 671
2028 636
2812 4178
115 1897
1175 1895
541 3389
1302 751
5891 71
660 1532
1168 1236
427 171
654 1213
1854 1334
33 1577
1353 1380
97 5009
1483 5265
2394 1535
2626 1195
2394 1183
1321 2059
1177 2300
3350 745
3230 161
1892 15
5218 674
1899 642
1383 1310
151 1349
2625 195
727 834
5852 755
775 3230
1388 502
549 715
2371 8
2072 3517
1383 184
835 1060
1895 461
3423 3334
1008 1317
227 460
215 3904
1632 511
626 511
206 462
551 1634
1500 920
161 467
984 28
1488 771
2590 5286
702 520
893 1293
467 834
1174 498
855 1048
456 1220
1409 1465
2591 99
1256 1005
1197 884
951 170
948 1612
692 1040
891 5955
955 1452
1137 1854
1142 870
942 978
891 1165
1033 1900
673 200
1332 982
561 1520
1509 1434
1609 65
1019 5000
857 644
917 2597
654 65
735 855
1306 859
6076 855
499 1597
943 644
1599 1445
948 153
2589 1308
1320 1026
2547 918
891 1523
1480 1042
519 1579
565 1013
1532 602
1002 611
857 1303
1135 927
975 1144
721 1511
1500 693
1434 987
899 1296
1324 1518
1191 1001
1146 1615
1816 978
1816 415
1507 5001
266 207
1453 2961
2380 1126
2370 868
5053 770
1317 955
2477 238
1324 532
1470 1612
189 926
880 537
1606 1470
1528 135
1322 1613
5105 1606
928 6326
622 2598
3685 1312
1440 1306
1206 2961
1174 973
1477 694
904 1892
619 614
545 795
889 5852
1874 1000
980 1881
2961 700
136 1416
2963 730
1413 1206
5793 1225
914 2889
2368 1878
2548 2376
1165 3668
767 1307
196 661
51 1233
224 205
89 79
2391 1037
145 1802
1441 1188
688 1439
2395 855
1615 698
1408 711
607 679
4797 1392
111 33
147 2375
1064 1126
103 58
517 151
486 707
136 1304
576 1135
2370 5290
2370 1233
565 5290
1144 1301
2800 1481
2028 678
655 1159
3120 644
1408 3668
1586 1347
170 4191
2062 5547
94 57
2072 934
5852 1477
3350 1144
3904 1172
4131 3517
628 1239
658 621
1461 678
1892 1222
51 1419
1392 73
537 437
4830 1705
1306 1580
470 1202
1472 2282
610 2391
1382 1192
2374 148
3334 1127
5217 727
2349 1639
687 5891
670 5667
2282 138
775 762
1890 97
1891 178
758 4666
1206 25
2445 1904
1301 2168
5610 3407
382 5861
2391 745
807 5667
2908 4666
2394 2372
3423 5217
1392 1487
1900 3224
437 3424
3231 1901
1149 2341
1008 1308
1509 215
918 227
12 227
897 2593
538 935
179 1433
972 518
1403 460
987 179
551 1500
1625 179
501 963
468 1332
921 891
467 2662
2588 957
495 968
498 1617
941 1000
732 468
1529 941
12 1038
974 2962
567 99
884 1516
999 1227
1040 706
908 71
1576 495
765 972
1023 154
5001 870
1559 1452
1424 1005
994 1303
153 456
985 1012
1004 918
5954 930
417 919
1421 541
1626 1206
1478 902
1549 990
2598 1039
496 936
499 973
972 688
943 987
1164 35
3517 993
107 1049
1275 863
541 883
1647 1498
515 1430
171 1141
2477 887
1039 1547
885 1499
487 2590
1408 978
928 1299
1615 1623
1300 854
146 1482
1134 460
57 1005
1424 1168
74 561
1141 793
913 1159
100 918
1414 81
4176 5667
1852 1192
857 1236
1571 562
1621 2380
1124 5001
1856 189
715 484
1004 659
171 1146
4179 6076
489 96
710 1594
1608 1483
1984 1578
1450 1307
2477 1447
998 838
1878 990
881 194
1169 1307
724 615
541 1874
1060 2589
738 1579
1193 545
1060 958
644 159
934 624
569 1518
1169 171
2963 1647
4765 153
1464 1323
781 601
1181 113
1466 774
735 1239
1300 756
1508 2453
692 1124
1322 1196
1600 1580
1392 1037
1569 670
81 1477
670 469
1477 2662
1381 816
198 1619
816 1625
158 1878
688 1307
4131 1432
646 745
57 674
2072 290
1067 5000
2370 664
2660 173
489 817
2659 496
1298 1158
1191 5009
80 1165
1902 665
45 604
1313 1419
1464 1890
4666 33
2812 1474
705 1532
1904 611
1977 71
655 1194
624 664
618 705
1697 243
1897 190
738 3230
1874 793
768 1405
1708 2481
1438 172
56 52
1393 73
601 2300
1434 2282
194 1647
2395 1381
2282 1321
3231 1192
764 1390
168 1492
1716 1715
1380 615
5852 641
1142 2418
92 38
2060 66
486 1386
185 1387
1266 1279
192 3230
3271 5182
1254 1261
1272 1291
1267 3407
32 719
5042 3915
2659 3593
1383 151
164 3224
5182 3274
2329 2454
3424 5974
974 467
5954 520
528 468
905 771
952 290
2548 480
901 896
1578 1131
1009 2429
731 524
501 627
972 484
921 1847
557 620
1495 920
929 99
1474 1014
1043 2547
952 684
99 990
671 1023
1498 1000
460 873
1194 1032
1146 1139
913 879
5777 912
961 4796
901 1003
888 1609
1033 184
5370 890
1572 1853
33 1511
5778 1229
1627 1621
459 1333
1025 1854
1122 497
1123 1574
863 4690
113 4796
886 5105
710 1012
1565 190
497 738
463 1611
1529 929
1183 4797
913 1143
5001 947
1011 2548
489 868
1015 33
619 914
70 960
1347 1445
1353 2962
2390 908
200 905
527 858
147 4796
978 193
144 1409
1528 1173
1630 721
1018 1322
1511 631
1185 1294
990 1186
