1000
6601 232197
580645 631
339342 8494
7883 234472
95529 522406
649881 167232
72557 7471
283414 240006
72982 319502
425481 7310
24366 441357
60389 158502
261688 60385
627671 169224
168928 120813
156742 61033
74723 121673
121641 543078
35966 235960
149181 102885
206582 542781
24019 8784
9009 452552
125210 35691
337282 6716
217008 162101
279494 8206
234720 652482
542004 319885
319265 34276
72898 48661
72708 8055
231729 35477
220248 49169
658020 541821
419029 206722
501565 552968
226948 260927
570040 112704
240009 276750
167096 261312
261588 279494
35129 200457
168943 301348
301372 1202
269001 102854
230583 501400
86405 474929
232989 257161
439187 324655
125248 261032
400642 600440
149206 464193
256687 659685
7822 149598
118849 156801
287296 973
86488 270167
421459 63918
123264 475233
283201 8359
219868 58281
49986 308148
268725 343957
619844 659639
24378 346526
228900 103430
8553 241951
607025 268725
318651 48630
60732 198950
9092 240534
25581 223236
880336 235605
217768 304409
173020 74659
120912 26526
229696 149474
157894 219122
301145 218758
50044 880479
1049771 490418
258899 149152
216949 286860
81719 652587
699038 558811
221612 320205
668593 562071
273759 707109
121772 396669
234353 521718
337798 522122
504855 233132
58583 258683
231479 34431
5424 333344
202332 35211
410724 657621
611422 258056
157982 279823
587831 273405
234217 783361
256769 156495
235307 541919
157430 7685
280340 198831
6593 82396
101956 285771
537714 101914
255707 425325
235039 53427
501542 356088
587254 200854
261359 227770
329645 275489
270458 169161
167149 347859
198641 242873
72621 635205
528842 605302
233039 241835
227777 5660
218305 198517
604688 72509
642841 49218
34202 618474
992616 1190026
226096 35151
61051 650332
230209 168401
270176 201256
174089 604333
81999 8766
258869 200866
366426 474761
229785 24415
209983 411383
539568 61186
222629 758097
7140 242454
382053 261695
125455 707452
232119 149206
542270 234743
200655 229243
260558 613318
170032 304145
681783 1442
10513 408677
699281 157172
385922 370119
509653 227997
464203 890461
608123 337393
733330 1000389
420458 562782
256294 226432
316006 557660
290216 218148
72917 612734
322209 94085
672009 202368
337686 711841
218335 708215
489201 198637
275526 342172
210001 209846
562072 54207
481790 370068
120807 226807
49203 408462
24498 618139
7659 72576
229026 20010
460372 162563
349780 223566
258810 696320
228980 940627
423521 257610
366507 679910
317919 888965
720489 10886
10682 220265
103029 255710
752557 200332
5392 1102732
670853 174418
501879 1049002
60945 612869
201822 201649
64133 1109
249117 538163
278836 121059
240552 419148
202124 158505
241896 337484
118550 113417
329753 199150
612081 222742
200386 671636
125250 502259
729944 239975
745063 492242
201586 804597
257820 733978
672337 332508
1336431 200317
526937 501490
1102720 721964
234350 305141
123567 1125660
504745 541889
39162 503491
380968 1129872
188400 125392
701803 85981
302697 399216
809034 420045
397671 10105
6596 656355
560851 808729
626075 270333
610091 157246
599334 1102734
604762 230209
257362 637953
232856 338001
542476 476998
643229 741206
426845 222674
275461 751301
222429 920345
226301 396745
269047 558729
731109 486707
236140 660832
332480 501481
102905 278790
474881 305049
447261 566108
558136 226694
629148 125277
405595 25608
25556 202395
597317 256028
562782 959036
281892 219850
300073 337949
639094 1049362
72512 299830
633421 219158
1089651 611386
1190004 230775
1125386 753407
327840 207085
82181 207927
600221 275739
347347 222683
515881 563361
199281 646021
167950 157080
396835 227438
24940 269023
234664 270629
705578 112796
280159 474999
561021 259528
541972 38135
682 339159
240970 501339
332537 28951
879238 318338
385439 397703
1020807 501279
223195 223683
405940 745063
232460 505321
479695 219106
34222 158495
1125782 888346
235926 269190
1079890 529692
474968 218884
1049813 214006
234357 700824
73050 448540
336052 245285
318778 818498
346022 750580
200343 232928
48842 451902
458298 562689
880176 1125239
201232 60522
1312632 474789
697615 395253
261522 626550
230054 328643
409749 234694
365977 419091
326511 758548
701014 475401
400670 959294
518572 673776
733366 607573
799304 222678
721548 410659
260569 208035
281551 261308
6949 187833
614994 8335
224606 72629
746959 560784
1213196 234820
39788 1046409
291361 1148218
425844 167392
9912 60402
118575 10615
202618 50757
60651 9080
370120 1274
373537 600039
1153887 915
501289 149594
560862 209988
259102 87706
48716 259313
201170 49134
74720 299928
541996 48903
235228 539724
541799 611269
396938 82180
10809 502929
157977 682384
731493 169056
526326 169090
202331 8779
279756 10801
959930 513607
547632 203083
625257 60389
1014 653219
48678 259235
206499 1171
49134 770
241309 7752
61265 149193
72485 206481
10460 8858
255630 882674
169367 1054
219710 256966
541899 329037
24915 807304
74714 671744
209364 398118
260572 259925
624832 71236
125247 32386
156241 542784
541857 226123
58508 206502
81670 328460
112773 659646
561772 112732
81701 214101
229649 362545
546387 86772
35082 691292
632446 355974
60640 304136
301281 561951
169305 703187
12088 167218
673770 234753
337773 541894
680954 101826
198799 216953
24235 400790
72544 279957
438944 82188
101913 370295
60396 424237
597499 123243
279763 591180
337371 8109
95473 226991
203636 607155
319580 649610
635 10699
156891 288220
112739 444364
103206 104416
149173 226323
337545 6991
203038 72638
9648 410807
209984 501444
443477 169073
6607 257424
562737 461455
33090 61093
491068 235024
219349 60661
660134 1087
642589 813851
258066 103004
8538 272344
218915 444580
318672 339904
461964 261593
218416 238137
335909 9926
457350 60658
424220 10182
483562 218888
245866 541941
172563 125304
71467 7629
640181 58289
233054 199282
650345 1155
156814 206708
94292 86469
235524 1221
335907 34224
258911 281671
256638 390352
659661 121763
289465 284732
156910 200781
213633 602901
279779 112768
601970 167480
207135 324644
74636 158016
206115 234387
205152 273864
1059847 590721
203777 8072
259357 416774
732241 125311
223068 270180
226787 31121
219549 386334
763760 647369
864323 72568
542000 231094
558127 255623
264118 102743
60643 992463
546253 274959
167810 268222
234344 362332
569794 337548
257757 412684
632284 213599
97135 72580
235868 200176
452169 474412
224913 274453
959929 992502
35865 319921
273977 275521
720807 623792
58485 461448
383927 501553
1256 169501
24467 218252
338907 340951
260558 200366
156740 90337
445307 158898
276763 322088
200395 166984
318300 427533
230125 547596
536586 337693
218089 603495
256773 281435
26707 576999
218189 275740
279779 1134117
218130 167433
32422 256191
531832 1102724
538432 541924
279548 242415
870639 168436
118553 269078
158303 328303
650632 1020244
329374 277183
235093 445379
201650 1125722
61214 959952
598244 206521
230454 214188
681715 705202
32705 604701
931736 505396
94081 261980
320186 162105
558165 202566
269915 542065
335909 74629
278409 631275
261966 162075
281529 512057
234685 992351
341676 256211
73892 452828
149832 74715
670695 1010
328411 87411
637953 396695
256045 204797
424210 878835
765 211504
164072 593769
169496 475478
356056 338913
1189568 222146
260989 474935
661346 158158
593366 241009
209993 223002
168168 223195
8243 347726
72584 49261
50431 235518
207059 1189987
162123 269023
655487 402904
617260 506030
240536 34438
601762 95270
402909 53253
235357 501562
210187 318951
660828 510217
49239 1049590
1214990 481105
302179 958927
581380 410830
580743 50585
792409 7509
569816 48616
641521 559562
720402 273172
558197 164075
201193 357160
422632 638686
60747 267416
267308 341503
634628 228981
277342 287297
1218566 646659
275481 242924
542858 751652
224615 474777
74687 267225
959383 257503
642160 245904
223173 218347
275473 112775
542018 541979
235474 71245
959126 620822
328694 553293
958929 201134
1190074 561767
349782 459021
278354 336799
639425 201588
439229 295160
218591 33130
474540 223339
366502 607601
779391 259932
121925 198823
234271 670695
571039 218572
781770 536538
188388 492819
242924 34594
962163 72626
35813 173832
613953 542842
219231 370068
447359 35833
256578 121078
518836 333311
625623 750945
285722 521615
389676 171094
230051 98187
368552 784337
81683 241971
604956 218334
269526 209974
35215 339108
309346 387728
642610 32424
640292 261498
292617 243652
392799 893005
7233 1213347
508044 622488
222451 235669
1146 329637
86463 341311
960972 202488
594788 410807
123280 251717
7581 277978
5606 48800
6687 501572
474831 8791
35691 169050
72477 341655
6918 234354
668227 10681
232211 268158
1001038 8122
101934 10520
7180 226968
992137 72523
103208 6977
125690 167055
48610 553108
285187 7522
200655 543044
513758 58348
653378 289900
206478 8260
1028 112833
58369 210266
112769 169202
574848 541844
198669 125789
801 421485
200323 24508
8263 280016
10083 655467
72922 25646
94268 169122
10730 222338
373595 169205
256215 118798
202376 101986
618601 72576
121830 281641
268979 800086
257840 7199
880301 785983
501588 58259
10696 880416
880183 541968
169207 338891
86946 201107
382961 229625
74251 235035
415614 86941
1530 101961
219159 338913
157362 200322
625273 230564
49105 258535
229032 95788
219763 724093
355968 167083
1049001 625838
169399 30963
36033 24401
7124 222889
242136 164337
168630 336068
219853 720965
34198 635372
341596 370349
164041 7415
218584 24922
104810 217726
604721 123259
513735 1271831
10284 206654
125280 269456
58425 338430
226104 202540
229032 236039
611987 659683
364346 322593
10103 618208
632045 232183
60628 48624
328234 60936
231704 958977
383851 227031
228052 81753
82215 25022
729819 1231
10573 164081
492911 35137
102793 31495
541976 205168
173961 48620
959552 74730
504131 120901
206695 72606
169252 207898
267240 48945
561070 880494
60988 337349
1433 125180
227620 200350
218934 10663
219078 260596
157990 100947
1258 490398
285187 216758
1048951 82196
60437 112892
233173 27064
156932 419094
235463 439082
259544 232698
733141 268738
102770 240532
202474 230050
275948 338909
366136 277332
156916 401038
664483 346522
230501 321131
176800 26547
695738 227913
24430 1397
281671 149782
516554 373596
621916 365
382961 727677
234469 387633
63056 492560
415129 1212944
260929 164028
120756 671991
384291 623298
474731 201621
366502 366505
218573 318564
336576 602442
227665 257265
474553 629279
231173 35094
641999 219791
7248 7651
706606 397088
5598 234275
328734 7881
448559 222561
198705 224402
518530 959097
474689 240569
10184 328655
415651 206567
226301 201954
201506 226198
230459 444348
665318 259525
54290 501751
594770 24469
490803 222695
427229 400135
230393 332919
267635 547623
409795 448824
149773 1212945
102886 232119
816977 58429
104005 329130
672004 501334
157158 346728
86442 657621
202552 72569
411374 156735
559782 344324
10548 461342
222610 285227
169158 439390
219715 410823
558135 458612
204780 402904
607325 218984
269640 268075
810302 605868
1020807 158017
384958 260077
1355 1089237
385051 320357
123171 235727
411072 174973
628685 96443
35076 881574
857059 218891
113178 257643
229088 337994
891899 112912
162105 612810
234903 848866
235298 72690
257252 672073
1215029 275917
267656 125506
7416 200582
258662 348757
236589 484200
202466 618474
328150 569331
26672 512358
544452 687968
312771 644402
218264 397695
221658 55254
284499 338249
24438 176633
329644 777225
268195 853330
508035 344017
560914 164021
318482 209420
157262 720402
158487 270164
451965 200278
318765 1126619
614288 624070
219079 277131
661975 232149
219886 542224
881125 227785
206591 626159
712732 125202
49989 539730
338065 559740
279221 160011
672928 474801
203182 337371
328114 397481
201957 81988
278735 1103933
1457 543213
543495 260897
671183 206609
636661 259210
592848 58785
1214987 459299
328966 593138
400581 224601
635222 696338
567263 1214989
200582 32487
157227 501416
72625 589070
63871 593544
328413 219636
813 235080
1001035 235553
283382 853330
200749 671304
60414 154426
274201 601769
662157 624832
75089 750935
415991 219839
240438 210016
1156608 542305
260057 255674
483038 280235
458712 112748
419352 240350
260067 750481
565967 638389
344170 231100
227749 167929
336121 318621
356831 228132
71466 729818
219514 291543
226526 366198
208981 370009
27210 322616
259774 305111
256782 221749
704834 112800
723762 610103
261046 292326
11227 228932
1129864 561765
490100 688378
304301 206983
605574 229904
362113 502016
305369 28762
385416 641521
242435 98027
272483 173885
226990 1011322
882661 201214
1261558 227143
541974 34221
386810 448706
278724 599685
584526 421402
290803 206584
270153 420012
7385 216971
274677 542157
861643 167426
586970 39768
274201 397338
501663 188246
474905 881046
5742 341979
24463 32509
59484 652328
321086 257207
112748 807237
632508 280253
1049162 486689
484162 94132
602108 100611
237821 1203583
622514 444556
424978 636137
458342 172247
235206 564947
384065 174094
178895 24721
222528 542187
1213464 74242
5606 603955
739 332449
542219 8511
238466 1077
8443 120867
345660 7607
550701 605981
87177 541806
157214 35273
547665 10338
201274 101854
9010 214003
461993 86474
58379 207963
541805 7880
169225 169201
629923 235630
77358 101988
517844 27614
7190 48981
276750 517844
60986 1080
60389 486705
542844 7396
328737 120994
10538 213992
61051 167029
346725 74701
125222 270743
61104 48969
94024 158029
10001 272793
235238 60929
9962 339173
464442 200764
1269016 257081
880273 169058
168889 10671
10407 880405
5889 72472
202503 201612
156819 72618
30937 399038
206658 112705
852 418044
400607 48666
325541 346682
257478 228904
730877 509726
6630 590610
702889 400640
346507 535953
7499 580743
638845 10209
7272 417219
607497 11200
10598 647730
541851 639265
