1000
7503995 17753468
20250735 19830475
31819805 30051453
24855013 21775362
37843657 29107202
31940811 22339113
21383305 4908173
16318487 3597507
41103223 10458169
6007820 6136891
2682167 26714040
35066794 35058575
4952078 35149877
15275438 952763
16761609 3695598
3624998 4889170
20626873 4341198
5074770 32975335
33899730 29169643
35576029 29830138
40125807 25851133
33048946 19897412
11220226 29449888
3915138 10689018
20580016 8902787
37990446 22460533
16304733 31095030
16439514 20457820
6298626 12185811
21029946 3515327
15052738 23613670
7451339 35659456
8401474 32868563
8322311 959972
2375091 2633570
11531076 21868086
9287551 3996063
771994 19992055
13692847 24949059
11033265 34077926
14465933 28470839
15559786 30239530
19183938 12449417
31192042 24294585
23939657 11429591
26995362 39755929
15703814 14998048
14116164 23292678
27932716 21789098
5404305 29887425
5180927 38086808
11194027 13455749
21434120 33081225
13815570 35123354
39498537 5675140
27406163 33899669
33843987 23550929
4534802 33322800
36265087 35259863
38942534 19310546
26410027 5966941
39290923 1680929
20291422 11846222
5953329 28663582
14122597 31485329
40302215 40656601
27737765 31002031
34008165 8822958
4492810 7048268
23636375 1996233
33111540 10828589
16057968 25383228
14979295 19824293
18143813 10079278
13744306 15415135
9748246 40954564
1532555 28328613
22120744 2340963
20947955 8478157
30607028 35030656
40230537 29039590
14478710 7695398
19625391 7671354
15691427 4476218
13759958 20124685
5879980 26868690
11306841 21160632
12144565 25478766
21339609 10733804
35863307 35081132
6847127 25137724
14841390 7870367
13241202 17633867
9555977 34000485
25080379 40545347
8640933 23707590
9195478 22434752
11900772 9179780
29329830 26798020
12623309 23607205
6657176 39925558
10319350 17255869
41474569 3107965
23314113 21174800
13048436 40254144
36863678 41340278
23788789 31674524
7568399 17854977
8573544 38324728
32039234 33602524
17448740 40882381
38506643 25637023
2887217 9030114
15496664 12673863
16526993 8786267
36574462 3710058
27815768 26442741
904192 9004150
10199611 23839401
29344511 4072351
22516986 6292689
3701656 26788360
37901354 31533762
4529302 25696045
28036244 36133032
18755259 5290971
15758975 37594164
11399869 18074282
5355528 7579782
30113881 2017106
15524576 6707538
5241783 23869505
13643063 26369162
32658054 23159753
10083475 2334805
7694839 13065159
7949229 10452975
40664413 25062867
985296 24079566
10717826 9982319
19328005 9866125
14298960 15418717
6169345 6481114
33149313 10453123
13063947 3680532
33363362 9241264
30502257 38275954
32921710 3837322
23266133 5774791
7504957 13877169
7418796 14271810
26229720 14445371
5526540 6745617
20429992 26723857
30279161 30483221
37103253 29921593
40752151 31315788
25603788 5308085
37772967 40307121
36644363 30551637
1994883 28204950
20286884 12959020
6449043 33684605
37999695 10173016
39229580 4172756
23352907 5207679
39812259 30514462
40995229 24232061
17604008 19792749
10848667 28111704
30659354 27467311
39838191 29589452
18399278 23832305
15166863 36311021
22561269 10584895
25295547 5462780
19582466 5421514
17704570 6391294
38814162 14065162
15716433 16627866
39514132 19854195
21000429 17768922
30759973 1135203
1377285 7755041
20517091 33220251
35982851 31674966
20100465 14481168
20695817 38567725
38908532 16321469
33029574 20124632
7519795 39906640
24373711 25953743
24218471 22645866
32006228 2897338
17411187 27850634
18961006 15207498
7327356 20348923
13363873 18485818
21062893 14320679
25131583 21888605
27568026 968688
12780902 7306524
15119603 13876826
25056445 12476768
29566048 39635340
12966527 37246271
37633911 18237611
3341610 20683960
21393233 15458481
22719363 39055189
3061117 22067909
12698007 30674069
1644686 25319190
8483083 22121901
20567267 14217292
24352751 7778212
14848621 37725070
35963806 10571013
31400769 20147339
3843524 20441312
18074701 16015805
38184377 35878600
14589623 40935284
37073131 36064638
14700744 40692329
33247519 39140183
21186834 25890700
28028872 22247543
32502734 36708858
24727411 12091065
9739925 9033282
41344878 5361709
26013847 16076936
15004311 17005522
36170793 18140275
17888076 34464397
14497242 14426127
28457926 28455111
35424065 5675189
4812783 9082443
4745174 37726402
6789569 24737740
3742260 15281437
27574903 35803834
10735427 12106446
27591311 580327
1448051 27253881
5664152 8481724
3091906 629633
6071270 19132631
18524949 22939664
12317811 13388191
18128187 21502440
1282913 12235729
26035042 5644857
1675148 30150326
22638244 7923522
36277874 25343397
22460521 22722288
20295721 13681387
15426232 7523867
14006474 38456037
15325659 41044325
5607162 39930622
41396889 10607558
39283835 40325734
14073250 31273431
12048443 31735213
11995089 34554495
24129217 18987199
20065416 25270882
29375745 23038993
13770076 5846968
8284334 16895853
27618877 8938318
11091544 23611269
37620836 5909741
20820408 32874670
5330489 6760596
11870867 25604360
38569523 9660663
5855724 11195790
41234495 17162297
23151326 32997102
31837937 7190752
32247313 32327060
13007884 20993611
14608155 7546390
25653201 22197561
23521696 34783135
11575442 34705637
17492187 7873879
40347720 18795860
20915634 24569088
5962494 32385128
10128299 2893531
912592 15071711
35074789 21816481
12661618 17249860
13876367 24644741
5017382 5643252
16408282 39284705
6977198 30506745
5379953 13173874
33586029 9336117
7056352 4533816
23771860 5100820
32737246 3981582
4268223 34255789
27712730 9163253
25101575 18633975
32654769 7187854
14048426 26035108
9423667 7472648
23812833 22636107
31785974 27930159
8684444 7558940
7075644 36565590
18503837 11400596
8631859 10993407
940923 36601580
36372676 24320337
41210872 8769978
27438650 24372662
1791630 36776265
33471455 7880210
13902148 24659091
35945989 8667830
31874991 4361959
15278698 15054113
7407701 27197905
2677958 37124638
15311540 30024297
31827898 33507648
509109 20780849
24398191 22487821
16024391 482682
6695797 37536199
30014026 33976422
20766802 12364222
10154999 34822044
19712944 23358771
40750695 14207081
12518165 30859418
39926870 27053599
5545251 5737168
14067692 28236245
1006262 10009855
17940425 32562213
2538410 40303874
12360305 7766338
21220690 9013322
8007866 8277704
5295087 18533320
22181522 6398368
30241814 31948087
40950501 30323503
14614799 40063906
24823647 26400150
10258424 23164614
35000623 36713973
27997956 28937051
23656242 28703161
39436095 22116882
1500063 21485206
1762231 35114155
28334319 3786194
3009365 16923606
11100824 28236807
35242101 33055954
34485863 24116273
23749651 14315667
13982290 19245498
34286298 39586860
25967096 3710347
2299731 20207408
39993284 29885215
29557840 3378719
40334660 27284810
6091843 21422957
29353875 7290157
15307061 17431530
10113103 39845762
34083087 20686688
7763593 8931559
34302832 22087708
13616794 17234735
36591930 26886177
36330648 29027365
6368011 2420247
13058385 7999363
21882246 32778884
18400118 32277630
35748401 16972892
41131061 41442984
38642568 28810039
27821891 33963351
5946990 18732427
12724091 19989709
39688131 19952386
9277196 32044906
1149262 22247494
29424003 17871038
8927011 5938289
6541098 36161383
7653925 19026873
2877883 9965012
10789212 20571920
1185841 26137185
17994871 511664
7419777 36847326
29082139 15775893
10197902 15383570
34242972 22302816
15757613 31981064
22605145 24169028
4455971 4842520
6311632 33443044
21721124 36101492
19424300 8657228
30377206 25926310
8054415 13568719
36190911 40312536
14551726 37101248
6320182 32116640
17782168 12730078
27214091 6512607
27789395 37917526
2187730 2249977
40945324 17470417
33871591 3191653
951584 18224467
7153251 6883153
31868697 9283483
1386947 10395956
17247855 12353603
36676832 5866798
25179902 11970732
4558045 40546969
7878447 9809284
30870607 24622034
3193752 39841150
11636828 11503745
16247639 13236280
13146440 37454533
30104078 26933577
40163884 11769264
25517921 5717768
18012734 16936961
35826581 41040116
7890000 33187818
11746485 24029506
38842763 17813291
36316887 22567156
16620326 2922071
12838863 27685265
8284965 15320576
7256873 41404364
7522208 22672028
12985059 799472
18914838 23506780
27464163 17298816
35447416 34445901
3375684 33653766
10297803 38735030
13682660 39623878
30048215 6245200
22133467 8544151
23045170 17313878
30541183 20359393
41632224 2893918
7673112 29124221
39763061 13985826
28871929 26280667
17360770 22479537
26763267 16587428
5850419 35849123
33585458 21034395
28413411 16949717
35304488 19486433
35840545 8024705
17341662 5977975
13276555 39978941
13530717 17042859
15506413 24359065
37518833 37443217
8005760 3867837
24996439 6166510
39099550 13596954
12906046 36629933
36269195 40483337
11878964 21713337
15046237 4838460
23067374 3218109
1844211 17403307
21800460 37353100
5977462 19728442
1547513 40659290
17965326 36427359
15974331 13832427
19902908 12002516
9948391 26808484
36879134 15641935
13439414 14737806
28587876 25600946
10174390 5134784
6008336 21496181
7215150 20375683
6690228 10747154
4137055 7968360
27262632 24814227
24640287 13658180
24896235 7213245
12651178 2436334
2210135 27904402
37718157 2539455
20725997 26981558
28858317 16193633
2278448 1794952
11451495 30472249
8375943 21087857
15763218 13390632
1801281 22192732
33507287 28772387
13416062 17535926
36888555 41436742
22916582 1350649
35155285 7706825
8107622 6892261
30544184 30806936
15275357 26473464
32937001 36019164
13298648 2078328
32256714 15022123
24299492 3045313
25713511 32445640
4755281 930940
5347079 26586112
4231906 18841484
15113459 16849639
36224953 31991651
38595272 18094728
33040813 12723197
6282822 21278456
19060687 36665882
11347135 14657547
22062707 24289617
9533752 15959364
25772756 21978359
30476208 10024526
5692232 37825604
22615566 9359225
18753640 26916814
16665972 3176130
26101102 31325255
41404870 2437659
22358074 18661788
589876 14503244
30790075 6590901
16296221 9102109
22776449 26804136
23034248 4689587
32292701 13057128
483203 17610965
15611446 11745416
8130646 20573877
8231650 30110761
10296220 25862973
38729054 26050969
9723424 4935570
38965877 9483836
6663185 19967353
27123378 27693875
14847577 17555096
14728384 30647343
7165724 37956934
39099283 29462128
21902508 29531550
23063485 22133291
27446524 39202769
33747509 16177953
40292248 21954978
5934999 29947624
28474586 23794240
37673184 38623385
27817803 34729610
6728158 14936329
35099771 14334597
2258300 8919711
31418340 38457157
20051101 38612383
34503399 17558120
7883195 37244606
27394963 30371291
40226175 36419189
27778186 32101092
11330118 7794531
34936185 38442059
37936934 22369305
20989395 33592655
19679507 8441374
26563518 6764930
22654188 20852864
20484077 5758483
10136712 32398151
2491633 29326951
29150587 17033986
27188628 17604533
12781433 36185007
7426624 32731121
30775601 15736990
23617454 22484219
22738429 39773845
19636843 41417929
20588213 20984654
33330323 20625646
28511414 41366912
7742723 32087931
1401686 27170703
37704443 32400658
41130283 19907210
2041490 9878572
36909316 28805497
26512376 29406471
23692762 33851441
21421655 35689702
29614785 25377141
39060984 33386201
23567723 17062379
33102930 24481007
38238262 6474702
4951799 6687993
6204820 11641548
38749644 27852632
19708013 15059383
260526 41199329
34830881 2188245
9437727 10951609
30612958 36209758
40945033 35517257
9564982 1628067
10500481 39710116
8016163 8113922
31168293 31126705
5761070 23136304
36985748 23213746
10066467 21423109
29125840 37324429
13485459 7677435
23791206 32806460
22013593 23896140
13098570 15732286
25442285 21916374
25828840 37673422
16949833 6669860
12150370 7076783
7763850 22039263
5227479 14888048
29384154 16517991
26204971 15470727
20361971 22051367
39243051 29599000
23796822 26641633
25337089 37823883
14899254 30065560
9999414 37196039
35207286 22466550
11535994 19914884
4189891 18279995
37959978 1058288
23867520 8744430
7738039 12142144
30149822 33405956
7749213 41199059
9028199 14513387
14994460 9752260
17219239 34236532
39912930 41603254
20215977 5195786
37777095 15517201
34935791 6455126
11337834 28289845
28002223 3646832
28592076 12515143
21057068 6491127
13203059 25274787
14294122 1156225
18342736 24759043
34277552 24993126
24316262 23144707
40326567 20196247
32645433 15789924
13206624 11647343
15740349 13796923
37987345 12005573
28676218 30968381
39907426 40660001
40909173 26135276
23351151 9139462
39355344 4199648
14710804 32358879
9974705 28364406
13931177 27350509
12874658 7375004
12186399 18070296
10987744 32162323
38357467 23698026
7321130 31348093
16042740 3655075
4799062 12483950
36657203 33013501
23742487 34694222
12731051 23043039
20091957 36342909
31800001 39944651
20197758 6036183
11439645 29308919
34182251 24631444
38387763 26919450
12535760 30225146
4852895 22891881
21591706 22444115
27123383 9315607
13072452 2908790
33544041 39078429
36501249 28381655
30264147 19321279
22074139 23395462
1612350 22518059
40800533 13797342
1820770 41361991
41230707 12730231
10245196 14337642
37967343 7265683
659508 9135496
37619358 25738888
12496238 39925750
8052878 20504562
7610523 1400794
3998801 41116579
40203555 40075499
9161217 9893343
17623957 30678887
13817224 40856765
34136754 12951840
34657473 35644544
12661893 34150091
7371280 22290380
7652062 24550159
9994107 28862814
33624450 6311383
14357704 26033105
4631289 2954493
6326579 32540376
4125475 9301803
12778258 2327899
7742766 21378756
32973820 5896597
32715562 6193727
25650101 25284666
18519443 41625696
788955 11582827
34117746 7836595
14393044 21694458
32097016 23652549
10129670 5892846
10433085 23748119
31502645 35887905
7414934 37774383
26663428 10518770
26365679 20367960
33709427 14667973
22049521 6699424
19915362 13883123
11852042 25938304
20125748 10786132
25910269 20584215
21786485 41428143
27390453 16784720
2602497 41072542
41044118 12024810
25873751 30969353
16504304 16962309
25250270 23047032
34841433 33280988
14097140 1204880
12555716 27792404
15512507 34623927
34370565 35280948
28398570 5471954
1246441 8085499
37286874 8230768
9033054 39891186
28858841 17110065
14888114 31052103
16490565 36069807
2440993 1952321
25422520 40496579
40530761 10636711
3220721 14179307
3105318 16663478
15011651 36807201
24874384 29990863
29504439 18563968
5494416 39771491
4448005 26911824
26871549 41091432
35235592 36148388
39188720 22975456
11916898 34067301
35100700 9003074
28293949 17534296
10387288 13499285
16291630 30327579
23455211 18907703
24801311 25698373
15885587 40590429
21499378 21535347
10042044 31736663
20545114 36382533
10734938 23812719
22244352 38161810
4816858 16411541
32388022 23100355
20098729 3771784
16280744 35625451
11815884 4450701
11840723 2786632
17163984 27349307
13452676 21258174
26564500 38916487
27472388 23098487
18072364 29556253
24970828 27154504
20720070 5362329
22461107 11819484
9628627 25057386
8616707 13429329
22159781 21230416
17270699 1435854
5464669 33221036
36718089 38445605
17604029 28218517
40745359 15094502
37252230 34113912
36402280 22611742
12104743 22754395
26144091 29429468
11863390 11030518
38316246 12967652
37469800 41492642
5642411 5846940
24907795 13254350
40675253 6953934
14945205 16219474
28742688 19730285
29502802 5639155
16570004 6724228
33551166 37587670
2124016 28905243
10889634 18541189
32458936 22388582
156458 40214572
11364921 33425948
9614147 8314009
26343981 5832536
29011806 12419631
31863408 13643774
6486260 30756916
676397 20770548
6508936 29146803
40764246 35980834
15104554 37612046
22296490 7855064
33169205 23753495
17321613 3313004
1631922 8964119
6304215 22819402
7547023 16924974
37275387 38361974
5834860 3815317
23403716 34656431
15408771 14583298
28175117 21185253
5029715 28599853
22256990 31701735
39549263 21442977
7498457 12998005
39745107 28981306
1058448 11937941
33944679 18052785
36276242 15774061
7480345 843014
19347907 35902414
17480078 15032747
13135433 3745939
40232043 36889165
18241413 35692592
31425013 26714276
37563083 16545268
36968411 18537425
7608674 34646609
20417027 14172991
27478421 18473829
23677424 28216473
29649285 16828414
26575224 24537130
32195775 14614739
25034344 10604712
9381985 23085961
6373836 21897136
7349083 25515405
39667311 24509740
20372991 29152050
32452593 16381786
26024447 27638886
34716036 33546837
2479103 35611893
27706472 29458720
12698920 11144514
39430555 1803021
8542459 6009387
7319702 40916975
19980247 32068940
31023793 28421127
36229423 17671355
31101175 2137865
2883081 28857882
7556920 3811145
39869214 40139140
41477982 24233009
26010101 34501358
39074778 27959166
9567315 6712437
39183334 21672971
17138501 36769339
4387431 24701919
995412 10664341
5544191 1423541
22920151 16735845
29472288 18104083
34142498 773700
196204 17041680
29353650 7641955
20081670 8797857
26782424 19917035
13597611 12667692
34844207 32534229
21415075 3398909
39197119 41139125
5647904 14656761
16650706 8954518
20264573 39343759
19093014 24601368
40437687 1152224
22001920 9478647
40940796 15112749
9936468 41025682
12589011 19980011
7037657 13037207
27776137 33694156
32545488 22087024
26294690 7245306
13757990 28242915
30885600 32813818
27697539 36257714
27542288 24773252
4191777 7447816
22697801 3524794
12580205 21555037
4403148 15133639
30392329 3583964
29646717 40746074
2807658 22789778
19084503 30092846
36049678 27164313
4220416 8285913
30016169 29837395
14622746 24128675
39882723 25698304
16303093 7309240
21054631 3681590
31745853 5632948
31373024 13701681
8210417 24159872
35262779 11570475
40069303 5822819
36122577 9262813
4950349 18833706
31634414 4386949
8302023 7508214
11929473 11490923
14905564 1199230
21852317 28909168
24904825 872087
14365551 21918377
7832866 15906221
6118982 39809215
20784016 17716632
11832298 28019113
