1000
3580 42185
45065 27619
21311 170
17314 18737
179431 20596
14187 19645
21120 20596
18158 44013
59057 16738
8951 4979
75153 50097
59374 11342
25696 99133
46016 16738
50268 29674
6916 79415
13116 161759
31538 480
6679 65038
32241 75528
196206 4071
75153 74366
5074 71339
6982 131054
46328 35989
164768 91710
80295 5534
264423 46961
207085 54259
252003 14514
85678 10541
62300 62892
227702 348321
82101 207085
158786 81519
351251 25387
84166 227702
69512 77928
41752 279270
81170 85574
21165 254546
270780 44541
27109 30922
10294 16759
185925 242155
28316 34015
229757 124663
66694 66690
28540 308
64334 1556
51570 49004
113159 66694
7217 84166
21311 158744
15941 59329
13850 130472
64482 82268
66731 49712
480 80719
10926 20133
123161 55
60398 84484
44268 45043
127788 81591
39343 15232
111161 23580
192846 63905
46179 61222
8574 47927
26412 68086
8794 38179
4979 47267
26254 17121
19691 15232
50347 49072
255135 5656
4723 2889
109612 33460
314580 40329
162263 53140
85629 250468
314580 85629
318515 133683
49840 41607
79139 8649
77765 38123
83159 10164
102995 114974
250839 10164
76095 27753
27641 257977
190203 78541
291898 115422
85629 39151
23913 104295
52560 180382
77257 173243
103109 29579
203403 129641
64655 61349
29610 64929
68516 11974
5891 98120
107663 11974
10472 167
63398 23477
219025 82662
83224 113447
51436 54976
317873 50732
11277 15641
83913 33264
195392 64874
36870 275057
20103 68773
79164 52167
36298 22407
8427 18808
22765 22600
167 30450
259536 30098
70174 30680
39264 9080
8794 75314
29068 68167
139379 40851
71239 69314
351251 256632
143375 8257
23440 57633
99733 276667
23477 55722
37637 61890
15307 329309
212717 236062
61629 204457
216266 47697
257870 32408
10144 33381
9091 80358
155580 44268
315176 4570
20596 76549
38037 46118
11005 40313
268445 76095
81131 96899
68772 53018
50646 4071
64469 47579
272865 40874
151332 76095
75141 172999
36220 151460
200269 89938
80481 37714
25959 66731
151332 27639
4801 23913
23613 7209
31884 98735
61356 168574
25999 247231
66694 8977
53341 130472
311945 2181
54172 181288
102646 60820
235983 63265
37386 4333
36220 75141
1253 16878
76705 11631
227537 26981
68364 93082
81039 212376
43874 43003
53061 264603
96004 52132
203176 312797
57604 61680
10607 46328
10822 121572
145075 25646
143375 108115
77243 5592
60864 13602
78257 68135
111306 50173
69523 145075
28795 301207
22639 145075
23641 60864
113269 249163
22203 65920
247616 56900
89290 307295
260573 106436
25623 120021
50553 211012
70307 38426
15579 39625
78257 13407
38381 22497
11026 258485
222361 70081
58405 36357
80892 246193
19941 156430
21938 159272
344125 18737
73734 51537
38190 21836
50843 216590
2926 272692
196206 253584
140082 4801
8601 233178
91710 37605
30459 27708
79364 116508
10541 65354
2748 72007
57837 131248
20760 1379
9788 314926
480 5449
247269 59292
61040 99284
9536 62356
28743 8125
70543 67116
37561 266475
49519 279374
63549 272692
74167 64655
14721 8949
142677 25923
29640 75676
43074 39215
11634 370
36652 81946
22987 247269
25688 18546
302553 23315
14689 6684
7839 249049
80238 13457
8032 37355
33016 45160
170834 248565
63671 12688
34169 12688
27936 107663
34015 14701
12792 78929
17012 53569
19902 10539
5448 30922
269276 12000
195 107864
13457 77162
52576 13849
18222 64760
248585 10505
160651 10437
10437 81596
24485 52514
20678 11342
16072 8274
82292 34402
32512 12737
300727 14706
35959 5967
83075 10520
8649 8051
268783 10015
69037 19129
279374 42961
12714 662
15977 163408
14636 5921
79206 13882
14022 31520
14746 13531
126135 5904
7319 23162
120 38955
17076 49089
24482 171860
34201 222062
102043 158535
29194 43001
224408 57633
5570 314416
13218 21956
5110 18230
63891 8009
29563 31384
61222 8592
46584 7209
248585 20678
77243 170834
76979 10493
22974 12551
84660 5751
33460 36319
142566 12585
84411 11443
80892 5975
33404 20748
314580 1459
87136 15608
11344 33089
24787 106129
14466 36805
19255 13889
14139 24485
16118 124461
26412 14650
64334 13866
57860 17331
11063 625
8847 34169
296602 2732
11492 59415
29237 47657
14022 43937
33381 5911
74058 20678
8051 49840
8770 109612
13866 83835
71395 155727
10520 74353
60712 13017
69062 87872
27750 8614
210535 14067
12551 16605
23719 29782
695 85705
24518 46308
48021 13998
2739 5787
5666 219025
5810 33368
39215 44106
9301 77235
7949 10451
27960 12551
23613 14641
236319 19129
665 13265
10294 8051
96899 16591
75253 36357
17472 80059
64833 67502
34178 23060
256934 54302
76507 8566
48931 79682
33243 62006
258440 2555
44661 81132
39699 67889
13283 14306
5446 301207
55908 318276
104094 9670
41330 11344
166110 268783
2467 51754
19444 5659
46722 241841
14059 26387
5443 150525
10662 226682
60251 28743
11352 14047
287327 12611
34265 287327
14705 34395
14060 10450
54302 16072
8921 29244
2861 5567
4298 45160
13194 42088
7561 7149
14416 5814
24401 27885
432 10039
13283 7825
11634 34569
170 42932
8846 36924
30922 11342
259536 27843
12394 8632
26412 10269
76585 109229
26254 69236
72332 254546
14602 28963
265238 56900
8649 30058
35431 13417
27708 43081
17744 27619
9963 4071
64482 80919
36018 76095
71514 46328
68516 107864
31384 68086
114974 18158
61547 35741
178488 589
152636 41605
54830 61802
300727 142677
212717 50136
309246 20291
81170 79435
36123 57813
30058 21120
30680 18135
58816 101348
82101 76095
47680 27641
78023 215606
14602 49486
35530 146621
235991 61385
65167 10993
92628 55070
39767 67477
163408 316149
29158 37529
27227 77437
239387 35530
38955 84660
107864 35994
11447 38179
140995 93195
36931 74021
69529 142128
30720 257870
329335 84154
177510 53569
61802 8574
162263 28540
129448 26412
83224 22475
28963 27687
227303 51436
26782 40329
12135 60632
29640 9536
26937 347195
177601 38094
4862 23162
82268 42932
70307 39359
80238 211628
8848 290783
210535 99733
102646 28170
14799 54976
68793 57674
13645 189824
49843 16633
52132 52784
6916 30443
36870 127188
44833 42909
62045 44013
27597 236062
41873 162133
9286 64458
7217 186843
144399 19904
39132 57838
234935 70191
107663 64906
309424 18636
96605 275689
9876 27619
83505 24919
33433 8238
79206 23719
7940 64906
273012 145509
33368 82817
54259 44183
24955 327475
229179 4862
275057 28825
296602 13407
83505 72540
80358 136166
113269 44227
18636 147593
61802 44817
15307 43032
37044 33063
48479 200269
27272 38037
51436 93124
139379 18982
61557 35741
46982 82873
64874 69203
26989 81999
11816 30399
47579 84166
7949 80295
36855 128473
191139 84322
49712 23543
93124 167831
229329 116376
2845 123088
56645 193990
61265 61779
73596 27324
146560 315176
132140 81912
178784 78480
13215 81999
47697 16746
64334 24096
4801 6992
11026 12965
126510 27976
75141 14774
80516 47697
203491 50646
123088 80481
204457 76507
10490 117785
34927 29068
329309 189415
128906 10241
13328 79139
28234 151830
13645 80481
252297 189415
30443 9891
35829 63851
137755 63332
70000 643
73596 76996
34236 13936
107166 55111
131054 37386
178147 28399
170525 181692
53061 76549
9855 203176
19234 23315
50238 93082
11477 11026
6974 37386
72188 37386
17551 80589
60712 251079
201976 74627
80295 53309
237077 5891
20224 7011
117588 76095
44833 262733
307295 240443
262733 64458
103747 156181
42936 217101
159272 49349
74345 6982
75747 34906
64765 111306
51537 88104
42904 78257
84671 54535
36794 47898
70715 76708
77765 249163
21165 17472
4168 75441
4168 39264
16746 29591
63353 19639
64833 40313
41298 22094
41298 71239
41681 40079
44809 249492
24072 863
51940 109229
10416 182836
47898 67889
182836 164768
80059 61349
38753 1451
123081 216880
29158 21131
48479 272692
125477 41873
253584 277043
51940 146560
2954 47106
275875 23940
333254 1379
18193 80059
212376 1405
51490 89614
38157 74924
111976 43082
9656 54596
113159 287327
64354 61890
70530 248564
2467 64912
33103 250291
233178 34463
5898 222062
52118 83665
39215 36018
39764 83665
30720 718
70307 2467
9669 142128
7245 49063
24001 5900
649 27960
204606 44021
630 4631
60632 1469
80238 5637
17012 190
33965 10539
29604 13026
34341 107864
5447 22112
72776 275057
14708 28600
306 22252
204606 53569
5724 18166
34190 32241
5568 6619
8032 186452
11597 81909
276766 5584
82378 14642
24766 195
29244 229757
12000 54596
24264 23991
82268 65834
6867 47329
25647 14682
274033 676
5814 68871
76541 34400
50173 15044
34369 26412
61779 14693
83300 689
70035 138733
22475 5874
10281 12792
6867 147360
41752 11492
5751 34234
69236 41843
5659 97980
307 238013
89483 34402
89483 5448
30058 15977
757 82356
59415 16072
19990 29826
2926 181
9536 34349
8945 10392
64765 11372
13116 20644
26522 20026
70035 5751
5975 7980
266733 34181
71017 34202
65038 20747
300727 5687
82356 13923
36905 720
34191 348321
77393 21005
33381 152959
19115 4723
7115 274169
28184 228178
44183 14878
32408 5447
32174 27890
72354 34191
5967 180382
99284 5813
89614 11068
14157 75501
5787 57813
23962 34672
20891 38259
46584 84660
314789 21276
84660 14312
29782 29640
34169 60675
8574 24874
5483 114504
2626 186452
17551 14743
5446 77254
71493 2163
14312 63500
107159 12792
23699 5904
11380 236062
137755 24773
17333 24495
16834 23543
11402 77270
9670 44106
15579 1459
9500 10276
2650 80808
14682 83243
214613 11345
96899 14977
19943 4159
128906 14747
28328 701
5981 44106
74924 2555
26981 35400
9390 62355
13863 123124
5874 35479
307813 32653
68846 9299
216501 72776
11685 138041
10450 145075
7319 265165
69062 14721
17370 249163
73141 10039
39699 27936
10484 226682
8916 30459
61040 8032
24874 125477
14714 350279
275875 12792
153537 379
2748 2861
2692 95971
13998 131977
18222 11303
4250 256353
9929 5929
152959 9657
5762 34369
15344 10623
24518 13847
695 14662
34169 8308
15608 676
8878 19990
14984 5718
14746 14312
5812 29563
12574 34404
11286 29484
18178 12695
8850 5443
158756 10269
22475 82392
9296 12834
67477 8781
239907 27843
30058 75153
25646 147360
56729 72332
174609 47625
75475 31551
8949 68871
12965 179457
28538 56729
64180 80238
62892 480
180229 318515
6916 59374
59415 13854
104892 34378
10822 18158
27753 30430
2714 22974
314789 6992
46016 26254
229314 19691
242155 20040
72354 35741
69037 166531
39063 2889
239387 47815
11629 29794
78929 85614
18596 255927
21502 268668
171825 25623
57676 83075
115422 10472
26269 52576
39764 17385
158756 44648
8585 11277
60949 39021
74021 54830
201976 61547
61547 270780
53569 75052
30636 15232
147593 3335
329859 37355
8951 74021
30363 27109
82101 7217
63346 99133
130691 64929
30269 10993
99284 157436
52576 61977
22475 104047
2954 57676
19904 15307
53002 84729
30193 130472
215128 63891
33381 266733
14190 68516
14514 61349
24705 254722
202018 3401
82662 72526
30269 45020
265238 22600
81946 102646
303522 65920
89483 24121
46308 59374
112589 268668
82378 27753
54259 142536
8889 83505
185925 89938
16605 13839
39264 60719
56135 42903
189871 76708
18636 179375
131054 57827
61349 74021
191554 36855
42812 206206
73596 27848
35959 10015
42812 130020
201928 42961
276667 348321
100129 17551
69216 23719
55526 27687
2889 38037
5891 38094
71493 35829
93124 227303
15579 218354
79206 15641
88104 36220
13854 50646
106436 280628
238016 44817
79100 27687
10153 111161
22600 219025
60865 251690
27641 79364
140666 256269
27394 72570
29013 24953
6269 112455
187137 24955
92628 132140
55852 83898
68051 238013
95259 23477
40302 177510
61829 104138
143375 95259
71017 11026
27848 25959
63851 58003
79206 74414
61779 117376
16605 104925
104138 84322
94765 146650
286529 47927
11826 38157
23699 79096
7940 83739
31794 51832
60167 11629
54172 30399
264603 7217
101348 262598
82519 36878
48277 25959
49004 256934
34015 44661
43082 63549
237077 72570
8601 25078
77550 58036
149079 268379
51300 43937
51300 61349
123124 207412
2354 61547
280628 34236
229179 180248
301207 59292
34610 32952
200316 23315
95697 589
47315 185383
8781 120021
242496 222361
103747 41752
84135 19255
80059 8889
39625 82489
24302 81506
212892 300404
77257 95915
98120 2988
22572 217807
77764 42644
22572 2988
47106 22475
38426 212389
1451 81170
310138 53321
56900 226682
78807 123081
47106 46982
87136 344125
10164 21131
31172 28929
82112 64448
239387 75253
61829 203393
102450 166704
246193 18271
103665 103018
11816 233414
55852 1379
25387 9669
19314 194549
64634 72776
63905 75676
235991 9656
266475 85614
216417 51215
84059 314789
194549 14799
5900 56491
2467 123573
55402 26710
64833 43082
5898 11851
5831 39151
5811 6699
73363 208974
700 65738
