1000
7197739 12619716
9121995 11664308
5084095 27342103
8715949 7930044
9623070 14607136
2293176 22034555
10610603 22229666
36811926 17831848
656122 26804977
32230353 1073876
5407780 32696097
20429452 27414642
33758018 30561215
38881483 21712068
6818125 4702021
20950743 4142143
17136287 20233772
5982334 12395366
7268484 14501134
10455870 16670386
19212640 12665417
28651629 29308482
24922441 16514892
36603442 25535090
33128852 29376894
17170591 37868030
12705898 36412744
25787468 6529741
18118523 15827352
27840678 15119083
20287912 8503922
19077523 36250723
18930638 15260733
38565041 25793184
19854477 9598678
32354293 28998174
12418036 21117016
18298613 36293591
27587648 5661088
12808993 20917141
25327839 20035853
19257168 36967940
16867472 34569330
33933137 34007577
10665467 22108012
9277827 30405584
20788774 18521593
17777526 38406288
23806294 16890835
15337866 3124771
16643923 37274032
31823569 28531392
9259881 127455
15863479 35922575
35626359 18791403
17262509 11873105
37615672 26446768
38799505 5298341
21455677 33404940
29899352 31497047
5996951 29354796
12514428 26395681
7579906 29693588
15959032 21615255
36126036 21391027
15063830 3433905
19142618 36494348
22396897 27927736
27729759 37084120
14858764 23821554
6672407 31420361
25742895 4720157
8317769 25134604
9848263 29301257
18761787 38676471
11342827 24392669
19271453 13996431
778887 17079340
33486062 7071588
37458351 30278816
28039780 12973414
24157960 36641180
9834391 6149758
25032741 27713401
3622602 29881259
11331012 330683
11884507 36082901
5051704 19913969
12157239 5048058
8961038 30327741
34264255 10446977
4997155 13798765
24055271 35590232
30246372 17751969
2913621 28223996
37478401 30698514
31174318 22137726
18491358 31158289
27900254 3015235
18943164 21945213
32598824 20369637
22251836 4313191
7220632 17581506
14487120 19127862
22320309 13617149
38804035 7240642
23694238 34328587
20754184 37109722
30681635 998428
5659415 33234164
19795484 3514133
14727740 10840038
15952043 32501695
32099560 33593397
26037682 1116521
15695014 9135861
11893737 27908552
3586546 9260575
34979830 17914387
27913172 8070739
30862731 17946160
15110265 4820042
12514318 25848358
2275112 33116916
26768572 7841407
26717567 6215619
1425315 31397162
7211491 17340350
24092403 29615505
11006083 33524
30630427 16823789
9169901 32540186
34336912 2889125
1535611 30101161
20609811 19985178
28390067 1546545
36748621 3074494
6304131 39202831
28716087 38161523
32927942 5793714
6484300 10237242
11842920 37582832
1297812 9198562
15349900 25278506
37868218 16484018
15881742 19679916
23379179 24650904
12169929 18045069
27323027 3925484
37597219 37356974
23681910 26475084
38702946 20876700
19991942 35438533
11098469 38106954
34223918 3906164
4343543 31253261
14004262 6338253
20046822 15227046
15347711 25398746
30473387 3971294
1305578 6094079
13929578 15114131
21054672 16202260
23208493 37788753
19928884 21281724
35702949 3070455
37147085 26079369
14268467 8011917
12467904 24926369
6579366 36636892
19212561 965283
19074640 32502448
7272410 37904648
37324039 12805232
23821030 28327150
16584349 15578298
24695702 29930569
30103325 35211286
5872840 13168608
33672640 15995313
24464387 20737740
18933091 12636982
36268950 23255382
20346962 9077881
7849687 17182987
6078688 17268834
18085898 15354718
9641996 24960433
13727058 37111961
36712369 36434802
16527497 4004035
12417956 604853
24341659 32505658
35762405 20478332
35366205 20804322
35375365 20278123
859857 5001143
23002951 28169718
27879396 2787663
36315314 25932654
10209149 32981517
2689357 27791965
8295933 2473294
2885208 21709260
39360868 30468247
8968920 16447351
33931717 11534631
7392697 18571683
33918853 33592849
37824627 30012889
14545460 24778588
10087404 5729770
29437402 32460986
33319922 17320835
25786412 20979839
33025169 35049387
14006195 35253953
13823620 12459073
28630962 16548337
24220462 28547500
6762013 32597843
34571860 31190620
34009812 2107325
39174638 28548974
35366762 28717393
18585401 394619
13392644 18812795
6093202 2404653
1384055 38668520
9985805 27052213
20224840 2881529
13080060 24264059
29017354 17044360
35680739 17640356
32802478 20320236
35676176 29938450
3158929 31027550
21247586 36804236
23724588 11442686
16407653 19496845
39034553 34009247
19874513 12994365
3284341 16183227
5634072 4658277
15435780 15400871
22086452 25650482
8523292 34195036
9667122 27722122
11418010 35500656
34860817 34116555
16194583 31325448
24409221 9605931
13007225 35107749
6773763 35668465
6842124 22894977
5905140 6435362
7516956 25407617
9591532 10686068
998307 15018687
15155197 6740288
20504994 36126217
31940846 19204096
21790220 31756472
6586208 23315742
27773890 1612241
8089605 33688584
23581035 22743146
3303892 35515135
18251465 114063
22740573 15276935
13509328 28229758
11908680 11179817
3808946 11653915
21558476 34723302
26182022 26676241
32047799 36156225
13803050 14690124
15744905 25582119
6262947 12532744
38240981 24329574
4384394 6818873
8653484 27633167
29138783 11839866
14137832 36850512
2177943 35755579
2784877 5939108
14997719 14556578
16874281 9015983
25738909 37239054
3936600 1987691
14987111 35358706
37947846 28255084
10373356 4490596
4023951 6788911
7174942 2738973
30680127 11413138
9455196 38360089
29143747 28757997
902200 2853584
26069696 33300501
29484644 28662125
38479767 34158498
33061049 15931988
3275598 9367776
3919911 36897465
11283754 18730159
23839887 39265860
36431311 24330432
34304835 31227297
30680999 1560660
33595633 11944453
3177079 33267242
1007552 32028067
12735741 32334355
25402210 37733316
25919710 14808470
17528799 25001158
38728082 736617
30867512 2551073
10079473 34229769
30362102 11516219
3474208 14106523
11345819 30723331
37300439 35678956
22104880 19168818
37071656 6208660
30514814 567165
29939478 22145450
23315660 2268735
14447552 8398559
30914396 30364564
22888047 37929374
5676665 12679866
38518939 35783342
15105671 38746339
21488588 35051451
10828135 15258492
9445095 12329287
35589862 7163860
8308183 8476370
16518619 35639656
14502031 6778689
27229105 4102149
19163492 10308841
36141924 32840261
18474502 27571670
23415111 31180195
25995193 19316481
3590507 25123023
15482789 8909520
24457934 26920334
4220908 25407736
1664731 3808834
36687577 28220129
1033242 35220600
35795695 17539031
31652034 821646
23969354 18982599
34824456 2558099
19418809 31752834
25994696 27821072
19399109 38697770
19073190 5019226
18614787 12928904
20455129 24109567
11990551 34439280
10829389 6370554
20232655 2681363
10055714 7721018
30667128 11049738
3174723 26942542
28054045 25339656
27719356 2061290
33930134 23000175
34542363 13557222
5053244 20962327
822586 24141466
10673988 10263099
19442478 28767165
13338904 29801922
2984560 24869858
24637980 13695552
30826254 34412669
16232652 467445
32628846 36459522
1715236 26327792
14433738 29637208
11504727 1638968
31496012 5549061
15051125 17149924
9246662 19851057
36905719 184839
33631348 37688116
10442632 13221268
17582913 23433843
2619480 20364379
37695105 17719791
33243804 19707185
2623387 39072368
20138131 34774752
27209562 21764836
21548321 1112817
1411015 23148713
2754449 23567030
28309894 8051032
39413378 36614033
27454280 27985410
36792396 21376095
26150730 37338017
24603554 3242861
11714300 17688064
23431554 39426931
25340052 7144542
19679595 27772179
36584264 38497412
13490033 24297202
11290823 25037135
25319258 12648228
7860300 18513314
26217924 26367474
26120681 26182755
14006970 3761335
14079579 1380923
15425927 39028927
29749642 38802672
33097358 979066
17076408 16601926
948901 1826560
13956524 11012394
20115483 10911184
10076653 23664416
34299029 11520793
8393773 19979884
14297400 6388161
37273390 39338728
32316456 14450887
26084297 35973513
18049153 30163241
37212789 32712504
29779658 27469585
32142719 23103332
19025559 38632506
29633796 10338517
31492330 3200279
21056322 1727271
13994390 21275861
25238757 38142285
22895729 33019271
18656102 36081469
29832173 6726660
27051560 12759764
20910877 3309066
9064325 28871132
33087987 36482662
21725267 23092662
14983991 4109451
35610081 33177873
33480993 16281811
33587355 25289474
19321244 5130653
26877911 23374988
26035575 11976897
22037743 38278040
34820729 30549481
34916857 25088249
27576794 12940115
36793168 37892820
16078983 36050709
27235090 9155503
33251247 38320844
22417011 8238703
2924890 8822485
31726203 35981879
24697824 16225805
12219606 33681283
21105091 29175653
17272194 36574022
628932 29210654
35420480 26455880
10224928 21887695
1586174 36829959
33901179 29368821
35246343 10130244
25873734 13474176
19039833 9741287
12312400 31276326
8129262 15090620
39123448 38910870
1638382 24409885
6071634 4073898
18353422 26773435
32845648 25560850
14377479 33356501
5034061 10117027
10464267 15062036
31397385 12003564
2532816 16258016
874647 28681621
25936820 17324158
1656688 34509666
26573446 13894041
26246755 33964183
19086997 16554532
24411572 11061500
319561 30100935
14982146 9051489
7231722 7748883
24786745 21327858
31464893 20131788
21586188 1617665
34202295 12909961
3840301 27552612
19267671 34635604
16167712 4817766
12224518 17771169
30029140 28881134
21718959 6602356
23184272 54016
22878315 7246374
1324281 23177991
27607833 16232105
22397021 34105323
23656859 6830946
15673109 5443793
17206328 27203655
6988941 11610284
30157064 879493
29239991 9196936
35408031 5089120
4137511 37649350
13045234 33656444
26997016 33848018
151376 84664
24834291 23023389
37075004 26063936
35614560 25185454
32202645 18418129
19619805 6191487
15433738 25285163
11466773 31928536
12367258 8607406
33460553 2105628
9443921 13469306
1436789 35027421
18321447 5564595
33383240 21444105
38528557 11071563
15485026 29896994
11165473 30294417
12768591 8658745
6684455 38323484
24045852 38077342
7631279 3139255
34663344 13259524
18847934 6347384
34868528 21298312
14762392 19634224
13775406 23850110
32396059 15130249
9696579 10608210
10865271 3020842
31433096 9965770
4282091 36519656
29998628 15270077
17944874 32720725
14095335 24275582
31634955 37010245
13379525 38374079
30992427 8277667
2405730 39248047
4774674 37041877
21124125 19306896
17156811 24893491
32907051 9405751
30011833 2441954
10172465 392654
35280327 1268779
508860 39126082
28811674 30465604
5333002 6407408
23375723 9571194
20956385 5328430
6974389 24354060
34206925 28281659
22861896 36319187
28097794 27265881
34003742 38525233
36064877 1513270
24043182 29558797
10866613 4258324
22502618 20739475
4653651 18189152
12411416 35022658
8275387 685468
16535614 3702793
7073375 38613007
13142585 18250845
34438471 10269596
2027045 29375527
37541428 24707598
26165549 26135790
11838499 10944000
25268438 8230452
12405337 38611528
28001966 13414172
3417823 10264989
33318780 37676857
18598138 35559877
33398498 17062996
36187072 139658
20532087 33690495
38754449 23735370
12063880 24808191
33265763 4310919
14105001 22175472
28732872 30271788
8010603 30605931
31274392 23528452
29079866 3407023
22730824 7402521
7012079 16456573
7827610 30735980
14583514 25984961
26775632 37728012
2520252 23474027
37861608 13398493
7726782 28345534
27112807 9945369
13034018 20615252
14093948 17265873
2184934 32719316
7249955 259533
23536307 37707995
23761963 2675363
31935789 35894895
129452 29272951
12721205 7961188
20059097 17447572
33311167 6502520
15603808 26497055
20202154 4235808
29916733 27508658
22975674 17065370
36483174 34940370
27598824 10945096
2771057 20277779
33638629 60227
20536535 7727778
28908024 33882787
10301681 20933141
30502191 10430506
106495 2867269
18163118 20166577
20118634 1732725
26284805 25714593
18760787 35965641
29650202 8421441
23954310 12470733
25050404 11339986
37405179 2764382
12441291 514033
22880788 6115824
31122524 2851468
13677580 20085122
27468475 14130137
30866627 17994138
14692085 30965967
20672743 32150623
11007353 30657552
24484556 27404451
16361529 2722467
23858938 35563456
11038905 37160324
38027891 26189580
8938033 27056220
28765365 11527053
18188701 1644099
17443099 9124007
4478835 21178709
28746287 22317802
34292171 19672332
38983095 9187764
10481212 10670830
31518586 11659555
917066 6374294
38006257 7600623
9002050 12856773
33582315 10192650
10447327 32282735
35445289 9540610
19434100 15212356
20766413 36447663
16768775 28121254
5947713 11472499
38607391 34003781
33044969 33605608
4190245 32670309
33052584 14514450
33361348 15389108
25704390 34099688
21500956 14763023
32181416 29989353
17755311 26091978
39109891 27701158
18459054 26213793
27391111 27822237
856444 37586570
24736145 7975538
16794462 20977137
19182772 15979413
5557134 12254746
39258603 9594732
34703409 32908182
23748433 28682716
8242886 38753640
13653212 29274962
4418442 5666489
19279229 21910776
22066616 9375532
38916010 30397981
34725238 26891864
18241001 26551149
15556134 32777908
33815683 31676501
4049527 3446529
37230929 9458486
15534463 37067339
18815549 679290
30579891 32369562
19957823 29069059
22466373 23668876
8716292 26551688
19576314 18175902
8165241 966748
27065577 7636370
31247278 12716412
24770761 38906987
38157646 30301417
32314811 23483501
12588435 35735537
26635559 10236152
35368222 32093874
7713874 14530554
23491710 28555720
36532801 2891063
7978100 19437750
26310203 16465014
5651353 5540141
33712695 3911663
36263164 11544689
11422719 28044126
23868357 26283646
27543040 13054499
16562365 10371462
35455282 28620979
36236758 22573388
37858842 32410226
4967346 35839357
36582216 28078176
15415667 33770996
30718959 13569320
3668187 7415897
29456700 9168790
3044173 14004546
12951292 38972747
25090951 14501258
18242039 8670408
175696 35272557
11877605 16738577
5947013 7617877
34901808 32776991
20395056 24339716
15978705 15599480
20631812 12977095
3255341 26027279
36607049 24444065
38410062 527988
31378326 19101698
9682095 24932010
23154489 12778453
24488994 7922615
17420615 32561008
6722085 17597179
28370882 18369922
24324360 24582436
16159741 10068460
17494387 26526579
33640328 32708198
1603049 14430989
35406449 4845141
30446647 32792295
19610407 20104209
24080133 1061801
29128695 23922103
25916925 12095865
35648649 361222
19742447 13403060
32859980 16671761
21059297 21403213
25024286 34844472
5609644 566953
5182937 13273152
17708288 38196115
5870651 19196905
3419460 31908224
14271386 24314662
15479113 33080810
3944811 38333162
33938696 32692871
22818283 10605577
34577351 9259342
10961899 4971576
22325712 3684957
21392666 33079819
24806509 6038138
19166073 30038704
36372576 24027785
2931627 4791839
13268702 38310305
14221166 6875315
21515254 27965029
30731689 35866800
11705899 34130641
34795178 35588902
17918431 17983164
6492540 3029099
26759999 17261291
7892125 38418014
20719268 28832829
22929468 35005783
25149392 1438916
16073669 12493222
15910666 9258606
7427962 28638250
8085715 21367881
34723526 19774975
38628569 16492412
16022095 10893152
1008379 1309119
36564884 18860596
9608588 3387721
21708524 26528124
10874756 19786628
25534717 21721896
38033124 37854869
17126825 23711831
30304619 32463029
26221505 5956660
1445107 33081549
24862964 39045261
4841592 10420418
9815546 4009015
26451449 25418534
5091520 27388323
17261830 1918974
35730904 26384583
35143675 8227095
12810476 6293236
27570499 28391565
18260643 26099993
17379525 25328859
39120768 7396732
17875028 16522567
13179673 9626758
9602522 36974566
38821681 14264544
37504009 38786033
8476311 24462021
15357991 13392379
1915934 31908413
15208368 37469548
18375985 10671021
35940295 21268259
7118424 23993242
9391203 24991466
39447354 26290535
10094414 39109347
23968891 18107642
16215730 36069286
17893989 15966378
24600032 7639173
20321592 22644604
7002445 28346884
36523232 22066872
1213415 38234750
4228303 6715083
27372269 22355097
7544356 23805084
33286082 14484549
37145437 32901947
29472772 37135358
9765247 29708946
27990024 33043709
37258957 33887280
29720111 15585079
148257 4566975
13418351 20471732
17509761 10565744
38189950 4745547
22776846 30471717
33594091 26674473
36367001 21260404
38372003 4256316
34535282 32346496
8929675 32500956
25484976 37461994
20904148 34378789
27685100 38250788
27973182 25448733
32840068 8064520
30958405 32967280
2719668 34131877
3764314 20039663
4848234 2417179
15028921 27246246
23429972 8694094
13846373 20225130
20113396 3018005
14741394 14965340
34822869 23344305
37066185 20733859
11751120 8831630
5769309 38318844
7573033 33178466
14871789 145078
31551749 35456613
23937341 33867052
30345483 27411782
4421263 25534526
20306027 19230040
2929401 3182818
27467944 16616719
13729394 7264648
9902496 18591458
12414871 4976323
1262605 9887549
15937731 12954963
18478332 21434445
2009777 16221414
5032907 7141829
16371899 35883822
2847481 30236690
21160811 23687910
17673932 25265211
8931527 27900236
34086805 11758804
21537824 21918528
18506752 25265988
19389381 27912683
3363793 21894849
23243199 4613796
21929264 37983196
7725337 30280483
19895018 9664710
6222442 24585974
6959355 12799265
11394522 9701123
2654764 31910573
23553537 10574892
17238630 22656020
37469069 11496375
33565409 9893988
23523206 2419661
34295440 32675390
20810355 28429874
14563523 3525649
23426662 26464757
1897427 30644104
16723551 12156708
30474997 22677386
35728411 27710990
34460598 7429160
36455980 36853860
38432408 10880912
7811916 6557477
32835485 35551609
8215718 17423212
35591725 31180166
19679223 21355119
14587695 30375486
9523555 19251968
33445989 32341444
5368833 26081017
13649002 21819179
37153636 33880221
3972325 33595505
21919466 29200850
31438197 9200991
26511499 21198759
19810592 24541128
27343121 2912574
10992246 34730354
20134653 6882946
17012352 38493576
27823676 21646858
29471529 27513619
161607 13702230
10367999 5529511
38577047 14160380
26946731 36372491
