1000
407610 32701
555924 65326
194134 804489
186699 495084
286470 853324
238558 96298
640790 385135
607293 694042
103211 312725
465146 322822
258108 904602
457485 134214
151821 781983
98063 617867
535951 350555
71412 394925
468615 294368
352225 627514
168045 63332
518971 750271
495685 611452
589619 93025
183928 612257
621443 524564
858231 1739
506707 752035
849402 860350
10053 272389
649922 367408
286470 12304
659268 569975
491195 760162
669097 340531
702494 340229
718006 881972
387454 651037
773111 254470
552790 370838
827 197246
323702 438009
388802 276141
575179 798478
542321 432888
719849 163835
523355 243331
325684 497329
347627 603531
870269 124752
433707 856014
125908 590723
299807 575179
63763 834756
283190 183923
877557 239724
736895 163822
696547 190621
461870 588731
56251 511574
253091 868992
915167 782538
445244 713423
642593 418268
354640 443501
372041 421658
530844 774317
22128 39815
625408 85266
768696 787739
357507 785282
394163 298118
405967 138389
421117 891192
282122 149244
219020 383680
273081 480515
468222 871412
578959 267895
417856 910851
577888 704805
245656 79882
660731 24220
15981 200854
18121 828250
820642 710552
590939 25907
234367 660731
98088 606218
377020 299915
747672 563987
142329 203837
276233 385929
238822 654562
840037 827855
697834 423825
645774 858134
502484 664664
112762 574003
164461 599042
161271 179163
72960 220225
547148 633834
82074 392361
542332 731228
124761 443501
306637 366585
405192 192490
76425 319508
584987 777779
107219 787441
653863 706493
379782 636497
599701 822080
642010 899299
72650 808926
746606 369658
892494 513386
787441 167333
314245 861038
597161 408235
453908 145004
635691 58428
616476 155758
154149 561665
548654 508600
171149 608717
480713 910162
591586 838110
813609 100650
269179 163064
61511 455352
105449 455043
611114 848981
877909 846924
564978 16785
70693 703167
404418 400163
526255 486230
498774 648441
221460 915864
706794 178689
236982 455789
705814 390007
426775 477895
65977 736170
540444 789656
227675 115035
314521 915103
520603 656939
10676 185271
572002 684949
834342 820368
206992 211228
351029 153617
468769 853434
589459 241583
167445 818424
592756 906856
482994 686793
901338 625144
649527 244131
758173 204614
867457 57596
541306 590457
650822 194926
495608 296225
884310 681986
764240 120956
179699 699177
882199 457466
130242 545000
682078 403708
220225 163800
129016 126094
279969 652778
613359 708465
576105 425357
766713 787743
594351 434776
464043 865871
116221 911713
97635 366257
568324 87753
41099 203733
740597 645973
346747 425671
250041 274493
138715 604596
127071 163076
678405 607273
572133 862445
556986 485460
536724 914182
62724 912758
247500 805923
380089 246798
360262 901289
513364 387340
296128 439576
131364 617123
623787 346516
505142 357307
612955 411514
427616 599590
889628 434453
776534 832443
735915 20612
505142 589176
506887 751607
488834 597017
135791 641589
109778 230565
624450 889170
59774 821744
728535 813072
560395 894017
554734 267659
245094 504546
183940 239823
102448 483686
534802 671827
67845 179132
889428 692881
381320 653012
654113 766192
436817 882682
7884 693817
204941 685811
407627 496670
849736 74434
380269 789892
225972 780092
188900 815925
25493 454708
190816 832718
599818 431043
52133 345979
303760 215164
378275 287653
258618 737236
376057 706621
798461 414955
641432 474100
913623 673065
436231 532842
343546 902654
304979 867575
163835 689747
691062 743179
389803 518266
152485 637049
377135 452874
14370 52311
316442 112982
338004 743475
895080 492679
669497 448479
820646 497717
4005 633040
781822 727920
686283 202166
722136 824979
87253 441493
686257 643043
570713 441145
536842 732003
632438 391987
6743 854099
24105 489057
461129 629056
125226 287574
138950 77522
328109 636159
513302 173978
767996 834442
730296 424281
780537 803183
712266 98447
159518 198515
639553 265293
156720 611255
497157 34533
846213 166900
152879 506293
542567 749990
150538 644071
318553 904486
34303 810544
459139 243200
877564 173689
819709 277160
562863 353533
907551 55197
80087 567865
875260 96142
588412 460813
343315 271959
175446 220598
225078 244888
843148 579627
809570 914749
749011 386259
433844 32921
355835 722494
863429 505552
325823 473793
237687 542230
160026 419433
813878 637925
761372 769323
889995 100539
417645 733364
854923 687559
502484 106419
233213 540773
693152 808199
856637 195456
313476 616992
565409 448288
442015 176165
69543 452698
6556 187339
173695 442303
243839 480323
588440 383897
187595 728409
35704 277785
21584 699543
305566 79692
74231 506528
544008 678424
701998 411977
380288 807941
816961 451534
79527 553646
913497 787143
317304 76908
433937 673745
753026 898745
199037 334543
520123 281206
783518 294580
9547 833586
2268 579430
408927 755397
593086 153389
192234 101412
297489 208617
836842 337251
232449 761323
233844 738535
867216 301836
440681 157339
643459 420670
155396 416542
765966 476721
144715 880218
332055 346408
880539 812615
879572 888157
80964 315002
568848 655616
907996 29563
608948 706435
227119 563275
507953 535538
666896 601096
711741 901853
355303 800804
753309 709934
133406 301297
613968 296071
864194 240406
468787 646381
312715 386339
417952 815586
443607 654452
221345 755046
535841 181398
637190 657871
540979 880797
139075 440221
194358 25617
310461 736563
494248 858283
433375 516281
29552 256763
398507 663550
503284 679046
582120 640210
578870 451011
557731 534930
19980 300552
168897 536766
580942 594605
466024 910063
71235 829672
734210 173665
643256 782241
418799 622315
633997 519111
242659 707911
643613 879716
813295 856790
343979 265513
894243 209588
389665 197030
369429 900632
812551 388342
541544 604419
116346 225343
727065 376412
363063 131263
391464 812641
871384 380142
603769 870945
505594 703700
282006 273823
106014 184998
619745 627235
702295 42157
265514 289001
319102 427866
95757 99940
427463 221334
724055 779673
483246 352445
572112 716459
546064 159973
51448 743023
580692 471772
786483 251814
413608 142891
445284 145803
313398 76253
729286 319083
674398 568323
389808 574609
768914 762312
741800 603351
256225 71827
570948 849235
189280 686719
840703 273614
34309 603793
496825 876095
109948 193647
113568 603024
293839 818397
526080 424384
151423 667242
604387 625423
328233 25320
520921 54726
208981 251010
416549 240832
469156 851068
74448 736899
531872 860823
794320 18963
765753 134314
40778 789519
239462 642071
554793 545723
307189 372915
830990 10816
908123 774975
244710 421708
414592 747279
542476 88705
148567 295383
259310 139513
531597 913077
335702 714474
308935 830996
655510 183531
236578 838792
102817 39723
540570 372273
766835 685568
476420 249570
600354 578065
13957 666484
149464 660068
510555 49095
308498 696101
735047 528059
523339 392548
145298 125798
425647 275434
442072 267248
767457 722465
131153 833541
122389 225794
133473 284240
868709 164281
740321 97807
360710 551734
716804 893721
595376 360064
818024 687792
311761 368373
22556 351508
612866 354747
42432 193646
862937 759367
494506 394377
410887 73204
645095 714507
488652 26049
463200 5105
169210 696485
109930 506021
752777 562980
831222 543803
509063 900519
474729 487542
681301 172133
62826 51040
322860 632916
642203 588407
656168 383680
531200 772595
766209 668981
217119 758274
630321 510187
19800 645648
484493 448155
30868 461046
638890 523500
385728 762158
92842 79150
430706 196398
528173 725317
896156 521613
577269 658078
804866 554192
63423 433441
456133 272941
151456 514964
438065 57487
811034 805598
273509 497963
448036 2596
205256 109603
731009 567466
553331 696954
693018 80687
656168 727223
835347 588862
321352 890792
895565 878994
786688 630638
158902 63539
711534 405956
314998 743479
261232 45207
557559 228872
829429 282217
545779 849174
86080 709217
232146 759629
605425 377267
726912 814639
521293 755177
21584 423183
446311 25775
155479 649038
661704 362202
538935 232140
802108 203225
2543 658531
555451 741787
391338 522958
342769 629657
699211 765107
363636 733193
834018 162688
119274 856074
304197 124442
670159 591498
356133 545723
590577 579181
788379 271082
157666 449853
260883 567429
737017 559291
566549 683403
747658 130472
347558 868041
204083 665659
887296 759988
778298 787911
661560 76870
227381 748299
140636 731520
259802 398425
692128 885350
129112 597320
132918 763049
304846 541213
503309 134584
869727 801245
911429 850608
114679 16579
253268 478690
849740 364482
724087 780232
809045 32180
21394 635651
835049 811879
635346 601859
474222 492344
879026 132320
183445 823938
868657 125086
646092 27599
506488 901638
461011 423538
669747 587355
624299 716551
809912 305089
592684 881198
682400 105997
352314 275294
774988 202156
698882 910738
745743 123009
335823 710787
465374 756280
872152 142536
678185 37148
885104 177498
785878 831914
352661 462700
337987 862108
787757 446250
124644 353815
869601 483386
847371 174949
111056 622215
551896 196184
831294 431398
784994 688537
70962 401642
838541 462701
679159 363846
687568 537520
271569 670703
561393 311737
316694 489780
727435 566593
617381 195172
24137 335107
16461 184279
769056 659524
351135 138420
423538 571793
820666 272381
466323 679525
590432 114477
252861 560623
633184 796972
792025 492538
91457 400217
436487 443509
770607 829981
769515 319404
137367 358248
695616 216105
234315 371967
293802 441652
537679 234068
252669 608596
519639 650891
210156 523415
641418 694579
426313 247862
406845 598144
387960 790703
352447 383130
292888 651756
527088 649100
818265 888509
414587 811468
175662 818481
10453 449473
242451 664892
697245 767893
849203 554495
41775 87146
725612 611867
207788 508897
615847 348041
95460 282988
97619 303671
218786 572108
570396 387037
443069 114636
750935 888624
738199 329971
581067 784933
534088 481871
190516 646503
99235 628575
871829 692881
682483 508301
304662 103560
861787 770068
776511 598662
683593 895805
749674 554492
381462 284666
611142 9495
700643 751654
798070 130348
596026 739405
811583 21921
17132 66720
52539 881677
642529 371024
415229 911068
93083 849879
565781 222285
785648 579731
767807 504144
859297 531594
801267 264786
86952 859089
166538 894582
92195 158818
654666 828277
208282 412556
693089 245396
821830 883454
559624 319735
54146 883345
890709 377147
81201 178308
837450 221670
852234 157743
708934 837074
912750 39723
803061 47183
14943 481964
2304 496682
662816 227153
569861 675161
668710 320709
352341 464302
81829 318332
124317 573871
20754 601375
588220 10690
153431 321869
204407 252365
157465 74221
493703 422762
680679 202116
86748 383708
5347 130337
605928 510958
771888 244732
488650 595471
24880 592762
783843 553336
486554 841266
691817 495944
179698 567874
602706 315007
365907 900250
816655 81701
266292 674076
271309 643564
117464 683776
385172 756259
726082 663828
906594 711562
463146 785008
62058 205245
112266 765761
481600 324505
747780 173834
665749 77260
45700 492083
53033 261396
178386 527090
286484 336905
660924 33039
574848 752358
82716 297942
485770 434635
388140 450154
50290 435127
673793 323055
686905 470233
220936 471878
563848 532593
531812 826577
101679 859702
738427 154193
675574 734479
732358 401073
293441 525038
871635 105319
364603 329378
379685 155786
836025 794565
724176 602992
119897 277439
651037 375731
367142 20774
228967 426208
554730 629991
279646 874841
447215 287451
238454 146246
251616 784699
36602 647022
491791 585873
435834 146344
310098 228513
790804 263888
812066 768985
46830 309863
8731 56206
17982 889536
818424 516900
180221 694513
479776 173286
687255 329273
436012 852425
22790 476509
291359 239658
583394 870033
254655 203306
736459 552176
428291 406478
671751 473691
122377 177953
849435 50412
370109 680026
892657 625804
814523 217966
190943 853351
395592 800517
691571 899514
912119 698344
78130 795079
517569 97862
324551 820164
452675 135998
554891 685284
143943 624076
362031 849159
748095 470104
35174 232575
606304 355604
306427 101905
587237 224986
555038 771703
811654 279029
282831 283431
199870 722800
366932 893281
293281 176888
378271 796483
486637 835559
54052 547454
160822 46038
295819 387654
733110 37481
453507 92191
575218 614243
912016 642644
815415 513400
588125 745264
12660 444171
829520 124466
675692 724055
700148 300338
421319 728504
877117 365492
763175 283262
43044 181324
882835 179626
411218 761946
59390 671867
738571 84700
588743 108823
456339 718110
136965 837829
277494 897482
683952 739964
52233 353443
586026 188917
449467 840593
71966 778492
644241 848553
692433 380396
259289 316836
418003 320916
85814 42569
312745 182518
49099 579568
466272 364740
781903 585022
427441 683275
742427 489128
816696 613611
138377 397709
317737 155732
813103 39813
729713 284839
429261 395722
849127 72011
657581 557404
200414 602674
206020 903565
425068 222328
543185 174541
190181 23117
712371 741442
376388 341665
49445 269395
365833 356937
722490 245831
427892 412705
493459 717646
400987 187209
812378 730857
875315 663880
552273 553896
430126 293699
856381 697622
758033 403274
235820 324550
846210 763175
514859 733616
336778 535198
199529 240062
258329 551180
202963 448886
796439 386392
618700 20216
868196 376765
645684 428149
626026 607974
198412 792801
80626 858971
673099 31968
747183 698974
488265 897568
323702 403154
324172 88840
656417 537041
268421 898871
565578 278331
417218 750742
307092 572036
328850 516782
559682 880907
803606 487767
415999 170416
187562 586782
283599 313042
38476 545692
271561 487984
266531 854099
503285 572142
196045 704005
276032 720123
585316 183643
26371 544264
128818 500388
415072 720240
212640 751936
197352 442833
829427 427443
154603 474279
217765 52200
98058 409353
710160 325261
735618 640234
778716 780447
88794 786568
211721 892900
321456 20721
367427 671473
651489 860602
346504 751837
184643 443596
3606 46047
823464 169990
674221 367779
629362 316324
83854 817344
52312 419086
578736 44077
191645 171600
131765 321449
